-50 168
-49 147
-48 165
-47 203
-46 223
-45 235
-44 269
-43 275
-42 268
-41 309
-40 346
-39 337
-38 366
-37 406
-36 396
-35 445
-34 473
-33 508
-32 531
-31 554
-30 595
-29 649
-28 671
-27 728
-26 795
-25 855
-24 929
-23 1021
-22 1057
-21 1200
-20 1333
-19 1424
-18 1545
-17 1747
-16 1962
-15 2177
-14 2532
-13 2874
-12 3273
-11 3830
-10 4365
-9 5166
-8 6172
-7 7448
-6 9167
-5 11440
-4 14549
-3 18213
-2 22710
-1 26543
0 27940
1 26269
2 22336
3 17853
4 14090
5 11092
6 8860
7 7201
8 5985
9 5029
10 4289
11 3720
12 3166
13 2782
14 2441
15 2169
16 1954
17 1762
18 1559
19 1405
20 1341
21 1180
22 1065
23 981
24 883
25 862
26 787
27 729
28 694
29 637
30 633
31 612
32 572
33 504
34 449
35 426
36 417
37 379
38 340
39 320
40 304
41 282
42 265
43 243
44 219
45 209
46 203
47 164
48 189
49 175
50 142

