-50 39.6081
-49 41.4603
-48 43.4214
-47 45.4995
-46 47.703
-45 50.0417
-44 52.5258
-43 55.1667
-42 57.9769
-41 60.97
-40 64.1612
-39 67.5669
-38 71.2056
-37 75.0975
-36 79.2652
-35 83.7338
-34 88.531
-33 93.6881
-32 99.2399
-31 105.226
-30 111.69
-29 118.682
-28 126.259
-27 134.485
-26 143.433
-25 153.189
-24 163.849
-23 175.525
-22 188.349
-21 202.473
-20 218.078
-19 235.377
-18 254.624
-17 276.126
-16 300.252
-15 327.459
-14 358.309
-13 393.508
-12 433.954
-11 480.807
-10 535.586
-9 600.312
-8 677.647
-7 770.929
-6 883.7
-5 1018.13
-4 1171.81
-3 1333.72
-2 1482.18
-1 1588.52
0 1627.38
1 1588.52
2 1482.18
3 1333.72
4 1171.81
5 1018.13
6 883.7
7 770.929
8 677.647
9 600.312
10 535.586
11 480.807
12 433.954
13 393.508
14 358.309
15 327.459
16 300.252
17 276.126
18 254.624
19 235.377
20 218.078
21 202.473
22 188.349
23 175.525
24 163.849
25 153.189
26 143.433
27 134.485
28 126.259
29 118.682
30 111.69
31 105.226
32 99.2399
33 93.6881
34 88.531
35 83.7338
36 79.2652
37 75.0975
38 71.2056
39 67.5669
40 64.1612
41 60.97
42 57.9769
43 55.1667
44 52.5258
45 50.0417
46 47.703
47 45.4995
48 43.4214
49 41.4603
50 39.6081

