1 2014.1
2 4116.4
3 2032.6
4 2456.38
5 2015.12
6 2016.3
7 1993.54
8 2014.1
9 2183.99
10 2013.95
11 2014.1
12 638.86
13 62.6459
14 1061.55
15 1091.53
16 1018.69
17 872.473
18 703.187
19 527.387
20 355.351
21 202.128
22 86.1293
23 24.1857
25 51.4969
26 22.5995
27 44.4705
28 13.3122
29 68.7522
30 21.5275
31 36.8235
32 50.3559
33 63.0867
34 71.1461
35 72.6142
36 42.3916
37 103.569
38 40.1083
39 89.6519
40 35.0749
41 70.9627
42 17.4006
43 69.5366
44 15.1785
45 34.6274
46 46.202
47 24.9874
48 49.2831
49 23.4272
50 45.3857
51 21.098
52 52.0486
53 20.5224
54 35.6915
55 16.6765
56 25.8928
57 17.4775
58 30.7472
59 14.7271
60 23.0416
61 15.4173
62 22.34
63 16.4715
64 20.6704
65 27.8186
66 15.4742
67 20.1098
68 20.5023
69 14.8816
70 26.469
71 15.1155
72 21.1241
73 14.4499
74 15.3135
75 17.2337
76 14.0687
77 18.0261
78 14.1866
79 15.4089
80 14.3092
81 16.6593
82 13.6383
83 16.8312
84 13.7707
85 15.3951
86 13.737
87 14.7767
88 14.4561
89 16.2737
90 13.453
91 16.0621
92 13.4872
93 14.2462
94 13.6843
95 16.347
96 13.366
97 13.4855
98 14.7488
99 13.4239
100 13.2268
101 14.1462
102 13.8621
103 13.2958
104 13.1841
105 13.8896
106 14.956
107 13.0869
108 14.0444
109 13.1917
110 13.682
111 13.186
112 13.2036
113 13.7615
114 13.1472
115 12.8882
116 12.868
117 12.9775
118 13.084
119 13.1045
120 14.3601
121 12.9253
122 12.7627
123 12.6353
124 12.6257
125 12.4071
126 12.4917
127 13.9231
128 12.8171
129 12.4429
130 12.6935
131 12.4257
132 12.5438
133 12.5214
134 12.2192
135 13.6105
136 12.6596
137 12.1539
138 13.5214
139 12.1295
140 13.5309
141 12.6614
142 12.4205
143 12.0573
144 13.4076
145 12.2785
146 12.4105
147 12.1126
148 12.1151
149 12.0242
150 13.5012
151 12.2066
152 12.216
153 13.4559
154 12.2254
155 13.6606
156 12.1597
157 11.9983
158 13.4521
159 11.9737
160 13.4328
161 12.1827
162 12.3071
163 12.0775
164 12.2562
165 12.0757
166 13.5193
167 12.0947
168 11.9661
169 11.9332
170 11.9541
171 12.0428
172 11.9866
173 13.4157
174 12.0327
175 11.9138
176 11.8877
177 13.3883
178 12.0082
179 13.491
180 11.9869
181 13.5162
182 11.982
183 13.3908
184 11.988
185 11.8936
186 13.3918
187 11.9678
188 11.9011
189 13.3769
190 11.954
191 13.3992
192 11.9479
193 11.9939
194 11.9379
195 13.4051
196 11.9457
197 11.9471
198 11.87
199 13.3307
200 11.8753
201 11.8523
202 13.3206
203 13.3661
204 11.9146
205 11.8874
206 13.3316
207 11.9122
208 11.8431
209 11.8304
210 11.86
211 11.8184
212 13.2809
213 11.8102
214 13.2844
215 13.3689
216 11.862
217 11.7896
218 11.7415
219 11.8143
220 11.7767
221 11.8114
222 11.7538
223 11.7467
224 11.7451
225 11.7451
226 11.7208
227 11.7075
228 11.6824
229 11.6268
230 11.7075
231 11.6584
232 11.6267
233 11.5845
234 11.6064
235 11.6172
236 11.6145
237 11.5342
238 11.4391
239 11.6154
240 11.4929
241 11.6447
242 11.4383
243 11.3293
244 11.447
245 11.5856
246 11.406
247 11.3616
248 11.4431
249 11.3516
250 11.3048
251 11.2631
252 11.3285
253 11.1892
254 11.0987
255 11.1539
256 11.1625
257 11.1572
258 11.1478
259 11.0242
260 10.9104
261 11.0107
262 11.016
263 10.9502
264 11.0011
265 10.9076
266 10.9462
267 10.9944
268 11.0289
269 10.9971
270 10.8624
271 10.9123
272 10.9525
273 10.9208
274 10.9874
275 10.8819
276 10.8512
277 10.9016
278 10.8066
279 10.8098
280 10.7854
281 10.7956
282 10.8394
283 10.8813
284 10.7258
285 10.6938
286 10.8835
287 10.6999
288 10.6852
289 10.6861
290 10.8205
291 10.7055
292 10.7755
293 10.6456
294 10.6784
295 10.6336
296 10.689
297 10.6915
298 10.7554
299 10.5988
300 12.7811
301 10.4978
302 10.3981
303 10.6636
304 10.5896
305 10.6306
306 10.4693
307 10.4462
308 10.4732
309 10.3843
310 10.3668
311 10.6197
312 12.5567
313 10.5294
314 12.6105
315 10.5172
316 10.5682
317 10.5957
318 10.5742
319 10.622
320 10.4751
321 10.3482
322 12.6029
323 10.5519
324 10.5852
325 10.4503
326 10.5407
327 10.4432
328 10.3317
329 10.3134
330 10.2946
331 12.5567
332 12.5203
333 10.4087
334 10.3319
335 10.2543
336 10.2134
337 12.4838
338 10.3708
339 10.4512
340 10.3479
341 12.4972
342 10.3635
343 12.4807
344 10.3515
345 10.4548
346 10.3239
347 10.2706
348 10.2668
349 12.4636
350 10.3198
351 12.4618
352 10.3141
353 10.208
354 10.142
355 12.5335
356 10.2928
357 10.2415
358 10.2377
359 12.422
360 10.2778
361 12.4312
362 10.2728
363 10.244
364 10.1638
365 12.4332
366 10.2496
367 12.3892
368 10.2443
369 10.1549
370 10.232
371 10.1791
372 10.1581
373 10.1409
374 12.4093
375 12.4371
376 10.1997
377 10.1212
378 12.4047
379 10.1071
380 10.0909
381 10.1198
382 10.0777
383 12.2613
384 12.31
385 10.1555
386 12.2989
387 10.1425
388 12.3772
389 10.1336
390 10.0841
391 12.3024
392 10.1289
393 10.048
394 9.99728
395 12.269
396 10.1131
397 10.0663
398 10.0337
399 10.0056
400 9.97935
401 9.90665
402 9.99311
403 10.0564
404 9.93961
405 9.96507
406 9.92319
407 9.87552
408 9.78845
409 9.85644
410 9.92188
411 9.81684
412 9.78879
413 9.75263
414 9.6405
415 9.72396
416 9.69563
417 9.69209
418 9.65236
419 9.65898
420 9.53548
421 9.37707
422 9.52871
423 9.47838
424 9.43244
425 9.37018
426 9.21011
427 9.3474
428 9.31157
429 9.28282
430 9.23379
431 9.15617
432 10.3961
433 9.07158
434 10.379
435 9.17178
436 9.04337
437 10.3038
438 9.14342
439 9.02641
440 10.3608
441 9.05776
442 10.389
443 9.19438
444 9.02532
445 10.4656
446 9.10067
447 10.3904
448 9.12716
449 10.3894
450 9.11741
451 8.97425
452 10.311
453 9.07708
454 8.98099
455 10.3519
456 9.06586
457 10.3399
458 9.06058
459 9.11149
460 9.03768
461 9.10476
462 9.02969
463 9.02359
464 10.3505
465 9.0357
466 10.3467
467 9.03259
468 8.97993
469 9.0216
470 8.99794
471 10.3511
472 9.01392
473 8.9639
474 10.3341
475 8.95896
476 8.94495
477 8.95287
478 8.93389
479 8.91737
480 9.01427
481 8.99391
482 8.98917
483 8.90644
484 10.2972
485 8.92527
486 10.3516
487 8.95533
488 8.98646
489 8.95066
490 8.90158
491 10.2611
492 10.3055
493 8.9513
494 8.88756
495 11.1353
496 8.97257
497 8.93154
498 8.89046
499 8.93559
500 8.879
501 12.136
502 8.87684
503 11.0724
504 8.86146
505 10.2159
506 8.89622
507 8.86854
508 11.1036
509 8.90151
510 10.2459
511 8.89759
512 8.86513
513 8.85081
514 11.0833
515 11.0839
516 8.88542
517 8.84135
518 10.2116
519 11.1325
520 8.87368
521 11.0976
522 8.87497
523 10.2357
524 8.87345
525 11.0775
526 8.8738
527 8.86047
528 8.85518
529 8.84587
530 8.83729
531 11.0533
532 11.082
533 8.86086
534 8.83702
535 12.0233
536 8.85022
537 8.83564
538 8.83209
539 8.83272
540 8.81923
541 11.0332
542 8.83081
543 11.0459
544 8.84361
545 10.2088
546 8.84121
547 11.0956
548 8.83873
549 10.2324
550 8.83741
551 8.82035
552 8.81953
553 8.8148
554 10.1957
555 8.81587
556 8.81231
557 8.80579
558 8.80983
559 8.82631
560 10.2069
561 8.82379
562 11.0407
563 8.82307
564 8.80641
565 8.8336
566 8.81597
567 8.80236
568 8.79285
569 11.0329
570 8.81593
571 8.80416
572 10.2
573 8.81336
574 8.80538
575 8.80181
576 8.79468
577 10.1957
578 8.8081
579 8.79461
580 10.1913
581 8.80658
582 8.7925
583 11.0207
584 8.79297
585 8.78911
586 8.78221
587 10.1986
588 8.79951
589 8.78608
590 11.017
591 8.79794
592 8.78333
593 8.78298
594 8.77993
595 10.1748
596 11.0132
597 8.79215
598 8.77915
599 8.77229
600 8.77817
601 8.77502
602 8.77458
603 8.76991
604 10.164
605 8.76342
606 8.75132
607 8.76489
608 8.76633
609 10.1524
610 8.77611
611 8.75705
612 8.7565
613 8.75979
614 8.7514
615 8.7619
616 8.74489
617 10.1309
618 8.74451
619 8.73538
620 8.73749
621 10.972
622 8.75779
623 8.73602
624 10.9821
625 8.75338
626 8.73918
627 8.73397
628 10.9526
629 8.73577
630 8.72845
631 11.9593
632 10.958
633 8.74525
634 8.72693
635 10.9513
636 8.72729
637 8.72193
638 10.9453
639 10.9543
640 8.73703
641 8.7305
642 8.72548
643 8.72496
644 11.9562
645 8.73132
646 10.9616
647 8.7315
648 8.71906
649 8.71129
650 8.7267
651 8.71795
652 8.71854
653 8.7169
654 8.71623
655 8.71421
656 8.71307
657 8.71412
658 8.70637
659 8.69749
660 8.70135
661 8.70522
662 8.7035
663 8.7023
664 8.69733
665 8.68909
666 8.69476
667 8.68949
668 8.69123
669 8.68514
670 8.67666
671 8.68079
672 8.68068
673 8.67558
674 8.66485
675 8.66798
676 8.66385
677 8.64958
678 8.65615
679 8.65494
680 8.65187
681 8.64376
682 8.62671
683 8.63525
684 8.6274
685 8.62652
686 8.6167
687 8.62713
688 8.62163
689 8.6062
690 8.58732
691 8.60193
692 8.59675
693 8.60146
694 8.57854
695 8.56002
696 8.59075
697 8.6259
698 8.58958
699 8.58569
700 8.59125
701 8.55558
702 10.7348
703 8.56227
704 8.56233
705 8.55568
706 8.54004
707 8.53068
708 8.57182
709 8.55436
710 8.51758
711 8.48685
712 8.55018
713 8.50625
714 8.52772
715 8.49623
716 8.49089
717 8.4916
718 8.49326
719 8.50021
720 8.45436
721 8.43033
722 8.44489
723 8.42809
724 8.39468
725 8.4964
726 8.42648
727 8.42859
728 8.49725
729 8.45663
730 8.40399
731 8.38221
732 8.34064
733 8.35251
734 8.31726
735 8.23548
736 8.27548
737 8.28938
738 8.28294
739 8.28325
740 8.22589
741 8.16142
742 8.18182
743 8.16519
744 8.12657
745 8.05462
746 8.08507
747 8.04169
748 7.93267
749 8.02838
750 8.01534
751 7.94837
752 7.85323
753 7.67212
754 7.78357
755 7.81804
756 10.7306
757 8.029
758 7.71795
759 7.73624
760 7.76871
761 10.5981
762 7.91544
763 7.60796
764 10.4562
765 10.572
766 7.88272
767 10.5915
768 7.84741
769 7.61478
770 10.5232
771 7.81761
772 10.5593
773 7.79806
774 10.5521
775 7.77946
776 7.66662
777 10.5521
778 7.75649
779 7.603
780 10.5336
781 10.5549
782 7.72796
783 7.56536
784 10.4695
785 7.66268
786 10.539
787 7.69713
788 7.65848
789 7.55307
790 10.5482
791 10.5724
792 7.6605
793 7.54383
794 10.5443
795 7.53981
796 7.49097
797 10.5351
798 7.62158
799 10.5869
800 7.6091
801 10.5364
802 7.61612
803 10.5485
804 7.60843
805 10.537
806 7.59684
807 10.5408
808 7.59338
809 7.54477
810 10.5375
811 7.58406
812 10.5344
813 7.58285
814 7.54596
815 7.53564
816 7.50799
817 7.49751
818 10.5382
819 7.55634
820 10.5449
821 7.55383
822 7.55512
823 7.50717
824 10.5332
825 7.5335
826 7.50349
827 7.49767
828 10.5501
829 7.52815
830 10.5718
831 7.52675
832 7.51203
833 7.48125
834 10.5435
835 10.5317
836 7.51766
837 10.5593
838 7.51396
839 10.571
840 7.51256
841 7.48177
842 7.4808
843 10.5511
844 10.5582
845 7.50266
846 10.5372
847 7.49934
848 7.48651
849 7.47579
850 7.46304
851 7.46948
852 7.46472
853 10.5292
854 7.48899
855 10.5268
856 7.48773
857 7.46634
858 7.47471
859 7.45902
860 10.5382
861 10.5439
862 7.47926
863 10.5289
864 7.47807
865 7.46357
866 7.46264
867 7.45536
868 7.44725
869 7.44955
870 7.44412
871 10.5419
872 7.44773
873 7.4515
874 7.44017
875 10.5335
876 7.4431
877 7.43597
878 7.42511
879 7.43534
880 7.4223
881 7.40366
882 7.42798
883 7.41918
884 7.4144
885 7.42232
886 10.5224
887 7.4357
888 7.40888
889 7.39981
890 7.37973
891 7.39839
892 7.38944
893 7.38079
894 7.38012
895 7.38065
896 7.37787
897 7.3751
898 9.86992
899 7.40221
900 7.35963
901 9.83797
902 7.35822
903 10.4463
904 9.84531
905 7.38955
906 7.35149
907 9.83687
908 10.4589
909 7.38351
910 7.35318
911 7.35058
912 7.34015
913 7.34521
914 7.34549
915 10.4377
916 7.36549
917 7.33552
918 9.81524
919 7.32988
920 7.32016
921 9.84384
922 7.35681
923 7.33001
924 7.334
925 9.80243
926 7.34672
927 9.8071
928 7.34622
929 7.33438
930 7.34528
931 7.33081
932 7.32533
933 7.32936
934 9.81344
935 7.33558
936 9.79589
937 7.33432
938 10.4226
939 7.33297
940 7.3234
941 7.33552
942 7.32968
943 7.32172
944 7.32552
945 9.78601
946 7.32938
947 7.32341
948 7.31891
949 7.31562
950 7.32245
951 9.79011
952 7.32529
953 9.78085
954 7.32506
955 9.79382
956 7.32478
957 7.31985
958 7.32199
959 7.31702
960 7.31467
961 9.78322
962 9.79139
963 7.3212
964 7.31953
965 7.31824
966 7.32724
967 7.31842
968 9.78809
969 7.31942
970 7.31457
971 7.31357
972 7.31297
973 7.31126
974 7.3136
975 9.7827
976 7.31656
977 7.31865
978 7.30976
979 7.30571
980 7.31546
981 7.31287
982 7.31136
983 7.30713
984 7.30815
985 7.30614
986 7.31064
987 7.30714
988 7.30367
989 7.30085
990 9.78973
991 7.3093
992 7.30188
993 7.30969
994 7.30353
995 7.30013
996 7.29743
997 7.30641
998 7.29734
999 9.77943
1000 7.29594
1001 7.29099
1002 7.29771
1003 7.29442
1004 7.30027
1005 7.29091
1006 10.4051
1007 7.2903
1008 7.289
1009 9.78775
1010 7.29787
1011 7.28669
1012 7.28125
1013 7.28332
1014 7.2897
1015 7.28495
1016 7.28262
1017 7.28071
1018 10.4322
1019 7.27936
1020 7.28098
1021 7.27347
1022 7.26582
1023 7.27532
1024 7.27998
1025 7.27786
1026 7.26734
1027 7.27179
1028 7.27893
1029 7.2703
1030 7.26835
1031 7.26883
1032 7.26811
1033 7.2643
1034 7.26564
1035 7.26201
1036 7.26266
1037 7.25855
1038 7.25617
1039 7.25299
1040 7.24497
1041 7.25669
1042 7.24875
1043 10.4047
1044 7.26226
1045 7.24871
1046 7.25719
1047 7.24723
1048 7.24357
1049 7.24125
1050 7.24862
1051 7.23646
1052 7.23025
1053 7.24802
1054 7.23706
1055 7.22462
1056 7.20962
1057 7.22109
1058 7.23126
1059 7.2334
1060 7.22449
1061 7.2258
1062 7.21983
1063 7.21698
1064 10.4113
1065 7.23029
1066 7.20963
1067 7.2095
1068 7.20918
1069 7.19998
1070 7.18891
1071 7.191
1072 7.20103
1073 7.1941
1074 7.19578
1075 7.17768
1076 7.16136
1077 7.16802
1078 7.17272
1079 7.17703
1080 7.15878
1081 7.14721
1082 7.14426
1083 7.12545
1084 7.15725
1085 7.12897
1086 7.1362
1087 7.10606
1088 7.06748
1089 7.09379
1090 7.09161
1091 7.08189
1092 7.07397
1093 7.05336
1094 7.01799
1095 7.05487
1096 7.01576
1097 10.2226
1098 7.01953
1099 7.00456
1100 6.98077
1101 6.98583
1102 6.96654
1103 6.92001
1104 6.94356
1105 6.92773
1106 6.88809
1107 6.8073
1108 6.86837
1109 6.82623
1110 6.87707
1111 6.82989
1112 6.84893
1113 6.78926
1114 6.75518
1115 6.76376
1116 6.71422
1117 6.62968
1118 6.67849
1119 6.6369
1120 6.67316
1121 6.59442
1122 6.49727
1123 6.5777
1124 6.54799
1125 6.63398
1126 6.57629
1127 6.53499
1128 6.39943
1129 6.25764
1130 6.41841
1131 6.43203
1132 6.44085
1133 6.3229
1134 6.28606
1135 6.44236
1136 6.25829
1137 6.2533
1138 6.24177
1139 6.2994
1140 6.20187
1141 6.23168
1142 6.19995
1143 6.24255
1144 6.14572
1145 6.16387
1146 6.0151
1147 5.84547
1148 5.96533
1149 6.13114
1150 6.02637
1151 5.90012
1152 5.91108
1153 5.89926
1154 5.93521
1155 5.76038
1156 5.66466
1157 5.79597
1158 5.69255
1159 5.62871
1160 5.62807
1161 5.70183
1162 5.50395
1163 5.37744
1164 5.60386
1165 5.42926
1166 5.34204
1167 5.24112
1168 5.32078
1169 5.26504
1170 5.34064
1171 5.49246
1172 5.33041
1173 5.35223
1174 5.27961
1175 5.34894
1176 5.42053
1177 5.23337
1178 5.49399
1179 5.53187
1180 5.23054
1181 5.24375
1182 5.4199
1183 5.2208
1184 5.31693
1185 5.28607
1186 5.46303
1187 5.19586
1188 5.35034
1189 5.20869
1190 5.30699
1191 5.20498
1192 5.31206
1193 5.19825
1194 5.24829
1195 5.30157
1196 5.1909
1197 5.26881
1198 5.18713
1199 5.31514
1200 5.18284
1201 5.22641
1202 5.27802
1203 5.18194
1204 5.21739
1205 5.2323
1206 5.18231
1207 5.21922
1208 5.18023
1209 5.2476
1210 5.17779
1211 5.20979
1212 5.17904
1213 5.18295
1214 5.26923
1215 5.16856
1216 5.18608
1217 5.2092
1218 5.17125
1219 5.17834
1220 5.18187
1221 5.21452
1222 5.16784
1223 5.16979
1224 5.17278
1225 5.19284
1226 5.16807
1227 5.18061
1228 5.16857
1229 5.18306
1230 5.16817
1231 5.16581
1232 5.18395
1233 5.17855
1234 5.16694
1235 5.18844
1236 5.16602
1237 5.17547
1238 5.16573
1239 5.16218
1240 5.16788
1241 5.17586
1242 5.16403
1243 5.16344
1244 5.16723
1245 5.1691
1246 5.16368
1247 5.16213
1248 5.16828
1249 5.16567
1250 5.1707
1251 5.16264
1252 5.1638
1253 5.16003
1254 5.16287
1255 5.16965
1256 5.16163
1257 5.16216
1258 5.1677
1259 5.1616
1260 5.16328
1261 5.16506
1262 5.16122
1263 5.16296
1264 5.16164
1265 5.16171
1266 5.16383
1267 5.16073
1268 5.16217
1269 5.16015
1270 5.16147
1271 5.16495
1272 5.16015
1273 5.16207
1274 5.1604
1275 5.16148
1276 5.16136
1277 5.15933
1278 5.16052
1279 5.15958
1280 5.16227
1281 5.15985
1282 5.15931
1283 5.16147
1284 5.16005
1285 5.16026
1286 5.15838
1287 5.15917
1288 5.15949
1289 5.16017
1290 5.15906
1291 5.15949
1292 5.15829
1293 5.15936
1294 5.15965
1295 5.16069
1296 5.15876
1297 5.15903
1298 5.15951
1299 5.15909
1300 5.15891
1301 5.16105
1302 5.15841
1303 5.15868
1304 5.15943
1305 5.15847
1306 5.15862
1307 5.16029
1308 5.15825
1309 5.15747
1310 5.15724
1311 5.15879
1312 5.1583
1313 5.15868
1314 5.15685
1315 5.15603
1316 5.1585
1317 5.15751
1318 5.15889
1319 5.15773
1320 5.15888
1321 5.15769
1322 5.15747
1323 5.15817
1324 5.15685
1325 5.15718
1326 5.15635
1327 5.15559
1328 5.15457
1329 5.15654
1330 5.15536
1331 5.15478
1332 5.15617
1333 5.15531
1334 5.15451
1335 5.15425
1336 5.15329
1337 5.15175
1338 5.15303
1339 5.15311
1340 5.15273
1341 5.15257
1342 5.15063
1343 5.14837
1344 5.15113
1345 5.14917
1346 5.14911
1347 5.14828
1348 5.14657
1349 5.1473
1350 5.14826
1351 5.14553
1352 5.1427
1353 5.14431
1354 5.14232
1355 5.13833
1356 5.1413
1357 5.13881
1358 5.13954
1359 5.13719
1360 5.1327
1361 5.13715
1362 5.13238
1363 5.12587
1364 5.13149
1365 5.12737
1366 5.1278
1367 5.12394
1368 5.11591
1369 5.12177
1370 5.11832
1371 5.1166
1372 5.11315
1373 5.10486
1374 5.10805
1375 5.10638
1376 5.10513
1377 5.10126
1378 5.09133
1379 5.09233
1380 5.08914
1381 5.07475
1382 5.08225
1383 5.07922
1384 5.07219
1385 5.05207
1386 5.06846
1387 5.06174
1388 5.06258
1389 5.05271
1390 5.04084
1391 8.41511
1392 5.04073
1393 8.45225
1394 8.44806
1395 5.07438
1396 5.04155
1397 5.03678
1398 8.46067
1399 5.03759
1400 8.44897
1401 5.06042
1402 5.03065
1403 8.42472
1404 5.02488
1405 8.39568
1406 8.4357
1407 5.05022
1408 8.43118
1409 5.04947
1410 5.0333
1411 8.45403
1412 5.0438
1413 8.43446
1414 5.04291
1415 8.43184
1416 5.04242
1417 8.4452
1418 5.03946
1419 5.02806
1420 8.43469
1421 5.038
1422 5.03077
1423 5.03139
1424 5.02507
1425 8.43134
1426 5.03456
1427 8.42691
1428 5.0337
1429 5.02375
1430 5.02069
1431 5.02412
1432 8.41355
1433 5.03037
1434 8.41098
1435 5.02976
1436 5.02379
1437 5.02862
1438 5.02254
1439 5.02067
1440 5.02066
1441 8.40068
1442 5.02629
1443 8.39911
1444 5.0258
1445 5.02399
1446 5.0176
1447 5.0161
1448 5.01451
1449 8.39059
1450 5.013
1451 8.38545
1452 5.02028
1453 8.38984
1454 5.02097
1455 5.01991
1456 5.02388
1457 5.01888
1458 5.01475
1459 5.01504
1460 5.01236
1461 8.36201
1462 5.01147
1463 5.01147
1464 5.01998
1465 5.00934
1466 5.00891
1467 5.02004
1468 5.01408
1469 5.01489
1470 5.00715
1471 5.00692
1472 5.00631
1473 8.36584
1474 5.00492
1475 5.00341
1476 5.01177
1477 5.00409
1478 5.00631
1479 5.00875
1480 5.01109
1481 5.01555
1482 5.00672
1483 5.01406
1484 5.00668
1485 5.00324
1486 8.37401
1487 5.00959
1488 5.0055
1489 8.36695
1490 5.00638
1491 5.00671
1492 8.38543
1493 5.0048
1494 5.00426
1495 5.00905
1496 5.00423
1497 5.00293
1498 5.00477
1499 8.36434
1500 5.00472
1501 5.00797
1502 5.00388
1503 8.38799
1504 5.00389
1505 5.00322
1506 5.00202
1507 8.37278
1508 5.00114
1509 8.36346
1510 5.00176
1511 5.00316
1512 5.00169
1513 8.36587
1514 5.00266
1515 5.00355
1516 5.00225
1517 5.00236
1518 5.00144
1519 5.00052
1520 8.36468
1521 5.00134
1522 5.00057
1523 8.35538
1524 5.00172
1525 8.37336
1526 5.00125
1527 5.00131
1528 5.00124
1529 5.00063
1530 4.99944
1531 8.3491
1532 5.00085
1533 8.36173
1534 5.00081
1535 5.00022
1536 5.00108
1537 8.35822
1538 5.00063
1539 8.36622
1540 5.00039
1541 5.00012
1542 5.00116
1543 5.0003
1544 5.00201
1545 5.00014
1546 8.35531
1547 5.00038
1548 4.99939
1549 8.35446
1550 4.99977
1551 5.00051
1552 5.00045
1553 5.00072
1554 4.99999
1555 5.00047
1556 4.99999
1557 4.9993
1558 8.35383
1559 8.35096
1560 5.00003
1561 4.99977
1562 5.00027
1563 4.99979
1564 4.99958
1565 8.3571
1566 4.9998
1567 4.99912
1568 8.3488
1569 8.35458
1570 4.9997
1571 8.35384
1572 4.99968
1573 8.35432
1574 4.99961
1575 4.99935
1576 4.9995
1577 4.99966
1578 8.35142
1579 4.99952
1580 8.35088
1581 4.9995
1582 4.99969
1583 4.99942
1584 4.99912
1585 319.027
1586 4.94305
1587 27.6371
1588 4.99912
1589 7.58007
1590 4.92883
1591 5.11424
1592 4.89718
1593 5.02321
1594 4.99912
1595 73.6276
1596 28.5086
1597 67.9629
1598 11.091
1599 28.1397
1600 9.70022
1601 16.0501
1602 6.40798
1603 10.7109
1604 5.96283
1605 4.93969
1606 7.09832
1607 5.29076
1608 6.31161
1609 5.16725
1610 5.38976
1611 5.03726
1612 5.29213
1613 5.00003
1614 4.82365
1615 4.74181
1616 4.97376
1617 4.81692
1618 4.8519
1619 4.7725
1620 8.17525
1621 4.92222
1622 4.72771
1623 4.64417
1624 4.78572
1625 4.72326
1626 4.6427
1627 7.20453
1628 4.72967
1629 4.57645
1630 4.48482
1631 4.55928
1632 4.6034
1633 4.51225
1634 4.7148
1635 4.53521
1636 4.45638
1637 4.40422
1638 4.37144
1639 4.27466
1640 4.54055
1641 4.34999
1642 4.39668
1643 6.55613
1644 4.49715
1645 4.29892
1646 4.36486
1647 4.45514
1648 4.1893
1649 4.07034
1650 4.11213
1651 4.13871
1652 4.08065
1653 4.21674
1654 4.28477
1655 3.95592
1656 3.81573
1657 4.11572
1658 4.0134
1659 3.83635
1660 6.03935
1661 4.11509
1662 3.76089
1663 3.60834
1664 4.0508
1665 3.8352
1666 3.79322
1667 3.65891
1668 3.69408
1669 3.60661
1670 7.3548
1671 5.67395
1672 3.87028
1673 3.68671
1674 3.74656
1675 3.50105
1676 5.54585
1677 3.5173
1678 5.69038
1679 3.69167
1680 3.45318
1681 3.43911
1682 5.69965
1683 3.62556
1684 3.69131
1685 3.49104
1686 5.62018
1687 3.58641
1688 3.67743
1689 3.70209
1690 3.55531
1691 3.66814
1692 3.54682
1693 3.4502
1694 3.42548
1695 5.57963
1696 3.38609
1697 3.3895
1698 5.32854
1699 3.50776
1700 3.34859
1701 5.51302
1702 3.40947
1703 3.418
1704 3.3973
1705 3.34338
1706 3.39753
1707 3.3277
1708 3.40194
1709 3.61866
1710 3.3806
1711 3.32097
1712 3.36369
1713 3.36139
1714 3.27848
1715 3.26001
1716 3.33829
1717 3.32086
1718 3.27548
1719 3.30756
1720 3.293
1721 3.33483
1722 3.25642
1723 3.303
1724 3.21423
1725 3.20185
1726 3.33347
1727 3.31973
1728 3.30834
1729 3.28723
1730 3.27159
1731 3.24599
1732 3.2895
1733 3.32375
1734 3.24668
1735 3.24244
1736 3.2256
1737 3.35067
1738 3.22647
1739 3.20018
1740 3.25593
1741 3.28907
1742 3.22297
1743 3.27799
1744 3.22234
1745 3.1521
1746 3.10893
1747 3.18979
1748 3.18928
1749 3.21069
1750 3.17041
1751 3.15488
1752 3.15348
1753 3.11524
1754 3.0752
1755 3.02295
1756 3.17135
1757 3.05093
1758 3.09256
1759 3.07723
1760 3.04133
1761 3.10662
1762 3.0299
1763 3.01781
1764 3.07001
1765 2.93967
1766 2.85648
1767 2.9291
1768 2.88399
1769 3.02839
1770 2.95495
1771 2.86333
1772 2.82912
1773 2.76516
1774 2.86794
1775 2.77726
1776 2.8233
1777 2.69804
1778 2.6422
1779 2.62309
1780 5.54647
1781 2.6984
1782 5.68414
1783 2.82515
1784 2.58152
1785 2.46827
1786 2.65063
1787 2.50661
1788 2.55501
1789 5.53326
1790 2.70571
1791 2.62855
1792 5.46495
1793 2.66117
1794 2.42431
1795 5.45533
1796 5.48744
1797 2.61021
1798 2.69396
1799 2.56468
1800 5.48358
1801 2.58455
1802 5.7481
1803 2.55519
1804 2.5028
1805 2.65985
1806 2.52648
1807 4.5296
1808 2.54997
1809 2.42917
1810 2.39413
1811 5.39479
1812 2.45123
1813 5.5058
1814 2.49627
1815 5.55995
1816 2.49398
1817 2.377
1818 4.36911
1819 2.4007
1820 2.37769
1821 2.41648
1822 5.39636
1823 2.44585
1824 5.42317
1825 2.44213
1826 2.35109
1827 5.42461
1828 2.44269
1829 5.41498
1830 2.41284
1831 2.44193
1832 5.42276
1833 2.41063
1834 2.43707
1835 2.39574
1836 2.37794
1837 2.37104
1838 2.39824
1839 2.32882
1840 2.29431
1841 2.30879
1842 2.36938
1843 5.43504
1844 2.36327
1845 2.33065
1846 2.29971
1847 2.36697
1848 6.72421
1849 2.35009
1850 2.32076
1851 2.31515
1852 2.35578
1853 2.39237
1854 2.327
1855 2.27556
1856 5.28492
1857 2.34247
1858 2.30441
1859 2.26028
1860 6.59619
1861 2.33831
1862 2.30718
1863 4.25499
1864 2.31021
1865 2.28818
1866 4.27519
1867 2.30404
1868 4.27597
1869 2.30021
1870 2.27214
1871 2.28598
1872 2.27202
1873 5.3729
1874 2.28758
1875 2.25481
1876 4.22169
1877 4.2343
1878 2.28677
1879 5.29185
1880 2.28513
1881 2.27548
1882 2.2751
1883 2.26104
1884 2.2503
1885 4.20583
1886 2.26583
1887 2.24442
1888 6.55662
1889 4.2199
1890 2.26661
1891 6.64707
1892 2.26347
1893 2.25932
1894 2.24406
1895 2.23521
1896 2.23943
1897 4.2146
1898 2.25786
1899 2.25759
1900 5.29238
1901 2.25561
1902 4.2181
1903 2.25399
1904 2.24383
1905 2.24741
1906 2.23434
1907 4.19461
1908 4.2296
1909 2.24797
1910 2.22955
1911 4.19407
1912 2.23585
1913 2.22642
1914 4.1799
1915 2.22385
1916 5.24582
1917 2.2239
1918 2.22499
1919 2.21712
1920 2.20923
1921 2.21527
1922 2.22417
1923 2.20955
1924 4.17958
1925 2.22589
1926 2.20744
1927 5.23135
1928 2.20767
1929 2.20857
1930 2.20159
1931 2.19405
1932 2.20643
1933 2.20068
1934 2.1915
1935 2.18413
1936 2.18187
1937 2.17
1938 2.19062
1939 2.19154
1940 5.21511
1941 2.19864
1942 2.17632
1943 2.17178
1944 2.17462
1945 5.24589
1946 2.18981
1947 2.18668
1948 2.17039
1949 2.16915
1950 2.17001
1951 2.15896
1952 2.14485
1953 2.1583
1954 2.15893
1955 2.15457
1956 2.14561
1957 2.14946
1958 2.14542
1959 2.14403
1960 2.14667
1961 2.13475
1962 2.12434
1963 2.13104
1964 4.09952
1965 2.15481
1966 2.13639
1967 2.13335
1968 2.12061
1969 4.10442
1970 2.13293
1971 4.10185
1972 2.13959
1973 2.12324
1974 2.11775
1975 2.1128
1976 2.11836
1977 2.11638
1978 2.10689
1979 4.11493
1980 2.11427
1981 2.10272
1982 2.09677
1983 2.11934
1984 4.13057
1985 2.11778
1986 2.10092
1987 4.10342
1988 2.1147
1989 2.10949
1990 2.11946
1991 2.1101
1992 4.12344
1993 2.11
1994 4.11666
1995 2.11079
1996 2.10428
1997 2.09854
1998 2.10104
1999 2.09869
2000 2.09476
2001 2.09404
2002 2.09995
2003 2.09477
2004 2.09204
2005 4.08571
2006 2.10385
2007 2.08985
2008 4.11462
2009 4.10959
2010 2.09617
2011 2.09407
2012 2.1004
2013 2.09438
2014 2.0888
2015 4.11428
2016 4.09569
2017 2.09444
2018 2.10126
2019 2.0929
2020 2.0918
2021 2.08709
2022 4.10445
2023 2.08898
2024 4.09807
2025 2.09161
2026 2.08706
2027 4.10597
2028 2.09263
2029 2.08602
2030 4.08632
2031 4.10182
2032 2.08966
2033 2.09153
2034 2.09302
2035 2.08852
2036 2.09231
2037 2.08854
2038 4.09378
2039 2.08933
2040 4.11345
2041 2.08819
2042 2.08733
2043 2.08455
2044 2.08287
2045 4.09259
2046 2.08769
2047 2.08668
2048 2.08734
2049 4.0879
2050 2.08677
2051 2.08468
2052 4.09791
2053 2.08649
2054 4.09225
2055 2.08638
2056 2.08772
2057 2.08572
2058 4.10005
2059 2.08594
2060 2.08485
2061 2.08492
2062 2.08323
2063 2.08734
2064 2.08496
2065 2.08245
2066 4.08837
2067 2.08168
2068 4.08289
2069 2.08394
2070 2.08091
2071 4.08541
2072 2.08032
2073 2.07831
2074 2.08049
2075 4.0923
2076 2.08309
2077 4.08994
2078 2.08304
2079 2.08182
2080 2.08268
2081 2.07955
2082 4.08543
2083 2.08188
2084 4.08493
2085 2.08174
2086 2.08068
2087 2.08163
2088 2.07902
2089 2.07816
2090 4.08151
2091 2.08019
2092 2.07728
2093 4.08265
2094 2.07698
2095 2.07551
2096 4.0831
2097 2.07977
2098 2.07622
2099 2.07853
2100 2.07648
2101 2.07664
2102 2.07485
2103 4.08178
2104 2.07464
2105 2.0739
2106 4.08677
2107 2.07731
2108 2.07717
2109 2.07482
2110 2.07369
2111 2.07321
2112 2.07283
2113 2.07158
2114 2.07297
2115 2.07477
2116 2.07379
2117 2.07142
2118 2.07111
2119 2.07218
2120 2.07107
2121 2.07196
2122 2.07446
2123 2.07341
2124 2.07376
2125 2.07225
2126 2.07193
2127 2.07169
2128 2.07339
2129 2.07444
2130 2.07164
2131 2.07347
2132 2.07172
2133 2.06927
2134 2.06801
2135 2.06898
2136 2.07358
2137 2.07064
2138 2.0693
2139 2.0693
2140 2.06931
2141 2.06924
2142 2.06806
2143 2.06874
2144 4.07858
2145 2.06962
2146 2.06649
2147 5.1367
2148 5.13903
2149 2.06915
2150 4.07595
2151 2.0688
2152 2.06835
2153 2.06796
2154 2.06757
2155 5.1358
2156 2.06808
2157 2.06719
2158 2.06726
2159 2.06604
2160 6.49794
2161 2.06654
2162 5.13908
2163 2.06749
2164 5.1361
2165 2.06735
2166 2.06668
2167 2.06671
2168 5.13946
2169 2.06717
2170 4.0744
2171 2.06691
2172 2.0658
2173 5.13988
2174 5.13869
2175 2.06681
2176 2.06638
2177 2.06604
2178 2.06525
2179 5.14091
2180 2.06535
2181 2.06492
2182 2.06407
2183 2.0656
2184 4.07337
2185 2.06596
2186 5.14106
2187 2.06586
2188 4.07768
2189 2.06589
2190 2.06541
2191 2.06491
2192 5.13936
2193 2.06557
2194 2.06487
2195 2.06436
2196 5.14045
2197 2.06538
2198 4.07644
2199 2.06527
2200 2.06574
2201 2.06509
2202 2.06423
2203 2.06478
2204 2.06404
2205 2.06341
2206 5.14119
2207 2.0649
2208 2.06382
2209 4.07553
2210 2.06477
2211 2.06385
2212 4.07414
2213 2.06453
2214 2.06346
2215 2.06384
2216 5.14024
2217 2.06431
2218 4.07591
2219 2.06432
2220 2.06335
2221 6.50343
2222 2.06338
2223 2.06311
2224 4.07606
2225 5.14102
2226 2.06393
2227 2.06324
2228 2.06295
2229 2.06253
2230 2.06269
2231 5.14342
2232 2.06347
2233 4.07481
2234 2.06347
2235 5.14305
2236 2.06345
2237 2.06293
2238 2.06276
2239 2.06277
2240 2.06258
2241 2.06252
2242 2.06234
2243 4.07766
2244 2.06306
2245 2.06225
2246 2.06194
2247 5.14325
2248 2.06289
2249 2.06214
2250 2.06196
2251 2.06194
2252 2.06167
2253 2.06112
2254 2.06156
2255 2.0617
2256 2.0615
2257 2.06156
2258 2.06146
2259 2.06115
2260 2.06103
2261 2.06076
2262 2.06101
2263 2.06098
2264 2.06053
2265 2.06005
2266 2.06043
2267 2.06084
2268 2.06006
2269 2.05997
2270 2.05948
2271 2.06012
2272 2.05995
2273 2.06109
2274 2.06047
2275 2.05965
2276 2.05941
2277 2.05899
2278 2.0591
2279 2.05892
2280 2.05844
2281 2.05864
2282 2.05859
2283 2.0585
2284 2.05901
2285 2.05816
2286 2.05792
2287 2.0578
2288 2.05753
2289 2.05738
2290 2.05683
2291 2.05726
2292 2.05767
2293 5.16525
2294 2.05833
2295 5.17055
2296 2.05824
2297 2.05893
2298 2.05788
2299 2.05713
2300 2.05855
2301 2.05776
2302 2.05737
2303 2.05657
2304 5.17435
2305 2.05677
2306 2.05638
2307 5.16911
2308 2.05768
2309 5.18232
2310 2.05716
2311 2.05771
2312 2.05715
2313 2.05658
2314 2.05642
2315 5.17006
2316 2.05702
2317 2.05634
2318 2.05616
2319 2.05662
2320 2.05615
2321 2.05598
2322 2.05589
2323 5.17276
2324 5.17081
2325 2.05664
2326 5.1726
2327 2.05653
2328 2.05612
2329 2.05578
2330 5.16871
2331 2.05628
2332 2.05571
2333 2.0555
2334 2.05569
2335 2.05536
2336 5.16619
2337 5.16499
2338 2.05604
2339 2.05567
2340 5.17518
2341 2.0559
2342 2.05582
2343 2.05521
2344 5.16957
2345 5.16519
2346 2.05578
2347 2.0555
2348 2.05526
2349 2.05532
2350 5.17657
2351 2.05553
2352 2.05545
2353 2.05512
2354 2.05508
2355 2.05508
2356 2.055
2357 5.17088
2358 5.17354
2359 2.05531
2360 2.05509
2361 2.05499
2362 2.05513
2363 5.16778
2364 2.05524
2365 2.05505
2366 5.17096
2367 2.05516
2368 5.16951
2369 2.05515
2370 2.05519
2371 5.16734
2372 2.05511
2373 2.05535
2374 2.05504
2375 2.05499
2376 401.921
2377 2.20836
2378 64.6935
2379 4.08989
2380 5.1644
2381 2.07647
2382 2.22521
2383 2.04853
2384 2.06274
2385 2.05499
2386 79.3281
2387 30.7325
2388 59.9112
2389 23.3138
2390 38.9986
2391 14.6041
2392 24.9428
2393 11.4409
2394 15.2083
2395 9.00088
2396 11.8728
2397 7.88404
2398 8.99455
2399 7.07775
2400 9.08079
2401 6.7942
2402 7.06493
2403 6.68836
2404 7.00116
2405 6.59692
2406 6.7314
2407 6.58725
2408 6.72039
2409 6.55665
2410 6.62452
2411 6.56384
2412 6.58208
2413 6.56019
2414 6.56926
2415 6.5604
2416 2.04274
2417 6.5851
2418 2.11417
2419 6.56818
2420 4.10219
2421 5.18942
2422 2.03623
2423 2.11417
2424 2.04649
2425 2.04274
2426 6.5975
2427 6.58767
2428 2.03797
2429 6.56581
2430 2.06894
2431 6.55771
2432 4.09365
2433 5.1773
2434 2.07047
2435 2.03577
2436 2.03981
2437 2.03797
2438 6.57035
2439 6.56682
2440 2.03631
2441 6.57523
2442 2.05146
2443 6.57022
2444 4.09813
2445 5.18496
2446 2.03435
2447 2.05166
2448 2.03722
2449 2.03631
2450 6.57799
2451 6.57588
2452 2.03523
2453 6.57035
2454 2.04251
2455 6.56787
2456 4.09611
2457 5.18204
2458 2.0427
2459 2.03464
2460 2.03569
2461 2.03523
2462 6.57163
2463 6.57066
2464 2.03477
2465 6.56795
2466 2.03833
2467 6.56671
2468 4.09516
2469 5.18065
2470 2.03845
2471 2.03439
2472 2.03499
2473 2.03477
2474 6.56856
2475 6.5681
2476 2.03455
2477 4.095
2478 2.03632
2479 6.56614
2480 4.09471
2481 5.17997
2482 2.03638
2483 2.03435
2484 2.03467
2485 2.03455
2486 4.09563
2487 4.09573
2488 4.09548
2489 4.0948
2490 6.5665
2491 4.09531
2492 6.56672
2493 4.09522
2494 4.09505
2495 4.0951
2496 2.03445
2497 4.09513
2498 2.03533
2499 4.09503
2500 4.09499
2501 4.09516
2502 2.03434
2503 2.03536
2504 2.0345
2505 2.03445
2506 4.09525
2507 4.09518
2508 2.03439
2509 2.03446
2510 2.03483
2511 2.03446
2512 4.09488
2513 2.03447
2514 2.03485
2515 2.03434
2516 2.03442
2517 2.03439
2518 2.0346
2519 2.0341
2520 2.03373
2521 2.03389
2522 4.09445
2523 2.03445
2524 2.0341
2525 2.03404
2526 2.03396
2527 4.09438
2528 2.0343
2529 2.03388
2530 2.0338
2531 2.03368
2532 2.03333
2533 2.03353
2534 2.03337
2535 2.03322
2536 2.03268
2537 2.03314
2538 2.03302
2539 2.03292
2540 2.03279
2541 2.03259
2542 2.03195
2543 2.03229
2544 2.03208
2545 2.03198
2546 2.03187
2547 2.03112
2548 2.03147
2549 2.03133
2550 2.03111
2551 2.03016
2552 2.03066
2553 2.03036
2554 2.03001
2555 2.02869
2556 2.02967
2557 2.02941
2558 2.02899
2559 2.02844
2560 2.02671
2561 2.02796
2562 2.02743
2563 2.02691
2564 2.02662
2565 2.02464
2566 2.02579
2567 2.02511
2568 2.02469
2569 2.024
2570 2.02137
2571 2.0229
2572 2.02206
2573 2.02161
2574 2.02098
2575 2.01788
2576 2.0197
2577 2.01854
2578 2.01798
2579 2.01724
2580 2.0135
2581 2.01542
2582 2.01373
2583 2.01358
2584 2.01272
2585 2.00834
2586 2.01054
2587 2.00874
2588 2.00813
2589 2.0028
2590 2.0061
2591 2.00443
2592 2.002
2593 1.99498
2594 2.00023
2595 1.99917
2596 1.99666
2597 1.99373
2598 1.98556
2599 1.9914
2600 1.98971
2601 1.98683
2602 1.98534
2603 1.97745
2604 1.98158
2605 1.97936
2606 1.97761
2607 1.97499
2608 1.96723
2609 1.97165
2610 1.9695
2611 1.96819
2612 1.96646
2613 1.96202
2614 1.9642
2615 1.96264
2616 1.96224
2617 1.96148
2618 1.96317
2619 1.96165
2620 1.96148
2621 1.97043
2622 1.96218
2623 1.96262
2624 1.96467
2625 1.96808
2626 1.96275
2627 1.96698
2628 1.96195
2629 1.96341
2630 1.96176
2631 1.9638
2632 1.96158
2633 1.96353
2634 1.96158
2635 1.96291
2636 1.96163
2637 1.96256
2638 1.96154
2639 1.96183
2640 1.96156
2641 1.96157
2642 1.962
2643 1.96137
2644 1.96196
2645 1.96135
2646 1.96079
2647 1.96041
2648 1.96173
2649 1.96124
2650 1.96114
2651 1.96105
2652 1.96193
2653 1.96113
2654 1.96142
2655 1.96073
2656 1.96108
2657 1.96124
2658 1.96145
2659 1.96102
2660 1.96086
2661 1.96031
2662 1.95988
2663 1.96133
2664 1.96083
2665 1.96008
2666 1.9602
2667 1.9601
2668 1.96042
2669 1.96018
2670 1.95951
2671 1.95891
2672 1.96013
2673 1.95905
2674 1.95948
2675 1.95915
2676 1.95875
2677 1.95803
2678 1.95848
2679 1.95871
2680 1.95939
2681 1.95805
2682 1.9574
2683 1.95609
2684 1.95707
2685 1.95887
2686 1.95758
2687 1.95668
2688 1.95653
2689 1.95598
2690 1.95459
2691 1.95753
2692 1.95546
2693 1.9547
2694 1.95461
2695 1.95387
2696 1.95197
2697 1.95344
2698 1.95469
2699 1.95242
2700 1.95191
2701 1.9497
2702 1.95109
2703 1.95012
2704 1.95028
2705 1.94966
2706 1.94747
2707 1.9504
2708 1.94753
2709 1.94608
2710 1.94225
2711 1.94541
2712 1.94455
2713 1.94365
2714 1.94302
2715 1.94391
2716 1.94181
2717 1.93915
2718 1.93901
2719 1.93439
2720 1.93645
2721 1.93625
2722 1.93549
2723 1.93444
2724 1.93314
2725 1.92871
2726 1.93333
2727 1.92966
2728 1.92838
2729 1.92473
2730 1.92567
2731 1.92521
2732 1.92522
2733 1.92453
2734 1.9233
2735 1.92168
2736 1.91894
2737 1.92247
2738 1.92073
2739 1.91843
2740 1.91978
2741 1.9195
2742 1.92356
2743 1.92012
2744 1.92139
2745 1.9304
2746 1.92083
2747 1.92147
2748 1.91921
2749 1.91851
2750 1.91903
2751 1.92065
2752 1.92123
2753 1.91922
2754 1.9192
2755 1.91895
2756 1.92139
2757 1.91878
2758 1.92011
2759 1.91871
2760 1.91897
2761 1.91912
2762 1.91995
2763 1.91837
2764 1.91948
2765 1.91842
2766 1.91916
2767 1.91842
2768 1.91976
2769 1.91833
2770 1.91933
2771 1.91835
2772 1.91876
2773 1.91804
2774 1.91863
2775 1.91926
2776 1.91822
2777 1.91925
2778 1.91822
2779 1.91837
2780 1.91821
2781 1.91846
2782 1.91814
2783 1.91811
2784 1.91813
2785 1.91918
2786 1.91802
2787 1.91787
2788 1.918
2789 1.91843
2790 1.91806
2791 1.91836
2792 1.91805
2793 1.91786
2794 1.91796
2795 1.91776
2796 1.91776
2797 1.918
2798 1.91775
2799 1.91784
2800 1.91868
2801 1.91786
2802 1.91847
2803 1.91788
2804 1.91789
2805 1.91759
2806 1.91738
2807 1.91775
2808 1.91751
2809 1.91761
2810 1.91782
2811 1.91749
2812 1.91746
2813 1.91738
2814 1.9173
2815 1.91723
2816 1.91707
2817 1.91734
2818 1.91698
2819 1.91663
2820 1.91687
2821 1.91689
2822 1.91691
2823 1.91654
2824 1.91607
2825 1.91628
2826 1.91631
2827 1.91609
2828 1.91597
2829 1.91562
2830 1.91608
2831 1.91552
2832 1.91492
2833 1.91548
2834 1.91518
2835 1.91472
2836 1.91389
2837 1.91437
2838 1.91462
2839 1.9139
2840 1.91371
2841 1.91269
2842 1.91438
2843 1.91297
2844 1.91283
2845 1.91221
2846 1.91075
2847 1.91191
2848 1.91135
2849 1.91094
2850 1.9118
2851 1.91003
2852 1.90816
2853 1.90927
2854 1.90912
2855 1.90899
2856 1.90824
2857 1.90777
2858 1.90646
2859 1.90691
2860 1.90706
2861 1.90554
2862 1.90319
2863 1.90445
2864 1.90347
2865 1.90362
2866 1.9037
2867 1.90258
2868 1.90117
2869 1.90109
2870 1.89863
2871 1.90016
2872 1.90011
2873 1.89912
2874 1.8982
2875 1.89743
2876 1.89727
2877 1.89578
2878 1.89728
2879 1.89596
2880 1.89592
2881 1.89657
2882 1.89553
2883 1.8977
2884 1.89585
2885 1.898
2886 1.89723
2887 1.89828
2888 1.89627
2889 1.89665
2890 1.89673
2891 1.89694
2892 1.89824
2893 1.89578
2894 1.8974
2895 1.89577
2896 1.89651
2897 1.89774
2898 1.89562
2899 1.8963
2900 1.89616
2901 1.89712
2902 1.89553
2903 1.89628
2904 1.8956
2905 1.89638
2906 1.89555
2907 1.89592
2908 1.89551
2909 1.89596
2910 1.89551
2911 1.89576
2912 1.89608
2913 1.89544
2914 1.89584
2915 1.89546
2916 1.89565
2917 1.89581
2918 1.89545
2919 1.89575
2920 1.89542
2921 1.89571
2922 1.89541
2923 1.89541

