1 26.0552
2 42.6023
3 28.9887
4 28.2128
5 26.0392
6 26.0328
7 25.8161
8 26.0552
9 80.6045
10 26.0531
11 26.0552
12 5.30326
13 7.53794
14 9.14958
15 14.5901
16 13.3015
17 12.5767
18 10.692
19 8.75447
20 6.87292
21 5.21121
22 3.6381
23 3.70236
24 3.74013
25 3.93387
26 3.92944
27 4.45827
28 5.21329
29 7.9045
30 7.68002
31 4.0144
32 8.43395
33 4.73925
34 7.5695
35 4.31015
36 3.67542
37 4.05273
38 3.71918
39 4.39505
40 3.6671
41 3.13329
42 3.43101
43 3.91027
44 5.60918
45 3.36476
46 2.70373
47 2.25596
48 2.34679
49 3.09085
50 2.2191
51 1.57543
52 2.91747
53 1.83067
54 4.80233
55 2.79461
56 2.37304
57 1.09085
58 0.94045
59 1.84063
60 0.963142
61 2.38398
62 0.842468
63 1.16751
64 1.03066
65 2.0341
66 0.524611
67 0.688163
68 1.29803
69 1.001
70 2.12962
71 0.901524
72 0.460754
73 1.1017
74 1.48077
75 2.55519
76 0.687148
77 1.73149
78 0.766443
79 0.751166
80 0.571428
81 1.45174
82 0.546098
83 0.383062
84 0.620376
85 1.38663
86 0.584109
87 0.662649
88 0.593734
89 0.795068
90 0.495842
91 0.85765
92 0.48011
93 0.672318
94 0.469066
95 0.764732
96 0.461629
97 0.747888
98 0.432687
99 0.588825
100 0.446984
101 0.771906
102 0.419422
103 0.581012
104 0.441015
105 0.469244
106 0.363643
107 0.416865
108 0.66158
109 0.392922
110 0.506724
111 0.402443
112 0.405083
113 0.476962
114 0.401707
115 0.351109
116 0.379734
117 0.413787
118 0.460655
119 0.385732
120 0.346423
121 0.374532
122 0.366633
123 0.438895
124 0.367647
125 0.401669
126 0.362967
127 0.335349
128 0.359885
129 0.445852
130 0.355892
131 0.327922
132 0.351543
133 0.316694
134 0.299164
135 0.312889
136 0.309538
137 0.369933
138 0.331224
139 0.318277
140 0.301503
141 0.307133
142 0.293084
143 0.325149
144 0.262428
145 0.286076
146 0.293981
147 0.256912
148 0.280516
149 0.274161
150 0.274607
151 0.270949
152 0.282884
153 0.308691
154 0.284271
155 0.299422
156 0.270829
157 0.266473
158 0.299229
159 0.279824
160 0.266794
161 0.274421
162 0.263318
163 0.269603
164 0.266791
165 0.273021
166 0.26607
167 0.287348
168 0.258014
169 0.270207
170 0.272365
171 0.25842
172 0.269415
173 0.264561
174 0.268219
175 0.257555
176 0.29005
177 0.257062
178 0.28382
179 0.257688
180 0.261383
181 0.277524
182 0.255122
183 0.274801
184 0.255313
185 0.258886
186 0.276348
187 0.254076
188 0.263978
189 0.255089
190 0.26577
191 0.254128
192 0.256126
193 0.253264
194 0.258738
195 0.255
196 0.259228
197 0.25367
198 0.256132
199 0.255322
200 0.255112
201 0.261147
202 0.252751
203 0.258148
204 0.252811
205 0.256284
206 0.253023
207 0.252339
208 0.255216
209 0.25574
210 0.252796
211 0.253677
212 0.254416
213 0.252519
214 0.253491
215 0.256295
216 0.252214
217 0.253281
218 0.252982
219 0.254209
220 0.25218
221 0.254563
222 0.252081
223 0.253029
224 0.252117
225 0.250813
226 0.250249
227 0.253257
228 0.251866
229 0.252867
230 0.251843
231 0.252006
232 0.251416
233 0.252991
234 0.251583
235 0.253365
236 0.251492
237 0.250799
238 0.25163
239 0.250469
240 0.250423
241 0.25204
242 0.251149
243 0.250424
244 0.250183
245 0.250406
246 0.250097
247 0.250359
248 0.250342
249 0.249366
250 0.248867
251 0.248806
252 0.248038
253 0.248533
254 0.249334
255 0.248259
256 0.248023
257 0.247437
258 0.247429
259 0.246697
260 0.24707
261 0.245822
262 0.244005
263 0.245293
264 0.348146
265 0.248333
266 0.245988
267 0.245713
268 0.244818
269 0.345786
270 0.247042
271 0.24447
272 0.347337
273 0.246607
274 0.245835
275 0.244036
276 0.344789
277 0.245883
278 0.246815
279 0.245336
280 0.345334
281 0.245668
282 0.243692
283 0.242897
284 0.34505
285 0.245122
286 0.245216
287 0.244217
288 0.346599
289 0.244868
290 0.244221
291 0.243627
292 0.244283
293 0.345814
294 0.244399
295 0.345566
296 0.244264
297 0.345454
298 0.24422
299 0.244051
300 0.34562
301 0.24398
302 0.244897
303 0.243731
304 0.243006
305 0.244667
306 0.243649
307 0.24293
308 0.244308
309 0.243595
310 0.346478
311 0.243624
312 0.243311
313 0.242658
314 0.34396
315 0.345125
316 0.243537
317 0.243178
318 0.243058
319 0.243127
320 0.242428
321 0.345939
322 0.242466
323 0.242322
324 0.345354
325 0.344123
326 0.242918
327 0.242442
328 0.242652
329 0.24218
330 0.345679
331 0.242203
332 0.241898
333 0.241536
334 0.241886
335 0.344066
336 0.242485
337 0.242102
338 0.242326
339 0.241627
340 0.241586
341 0.241705
342 0.241569
343 0.343538
344 0.241968
345 0.241508
346 0.241733
347 0.241085
348 0.34402
349 0.241909
350 0.240949
351 0.343456
352 0.240951
353 0.344778
354 0.24149
355 0.241359
356 0.241313
357 0.24119
358 0.241025
359 0.241
360 0.240714
361 0.343415
362 0.240551
363 0.240176
364 0.240408
365 0.342471
366 0.240975
367 0.240521
368 0.343796
369 0.240914
370 0.24046
371 0.344294
372 0.240789
373 0.24048
374 0.240249
375 0.240233
376 0.240156
377 0.240136
378 0.23977
379 0.342801
380 0.343245
381 0.240485
382 0.239684
383 0.239215
384 0.239865
385 0.239522
386 0.239532
387 0.239228
388 0.239651
389 0.239484
390 0.239022
391 0.238644
392 0.238982
393 0.238582
394 0.341453
395 0.238748
396 0.238446
397 0.23801
398 0.238233
399 0.238451
400 0.237932
401 0.237472
402 0.237382
403 0.236497
404 0.237284
405 0.237138
406 0.236791
407 0.236682
408 0.236121
409 0.235041
410 0.23616
411 0.235202
412 0.236044
413 0.234566
414 0.233034
415 0.234287
416 0.233699
417 0.233334
418 0.233156
419 0.232343
420 0.230421
421 0.232243
422 0.230942
423 0.230649
424 0.23029
425 0.228664
426 0.22934
427 0.228663
428 0.226451
429 0.227428
430 0.226781
431 0.333661
432 0.23106
433 0.225268
434 0.221541
435 0.33055
436 0.230031
437 0.225219
438 0.224381
439 0.225431
440 0.222836
441 0.221529
442 0.326435
443 0.221879
444 0.22005
445 0.216355
446 0.218952
447 0.218114
448 0.216243
449 0.211042
450 0.215198
451 0.212931
452 0.211111
453 0.210955
454 0.205633
455 0.208532
456 0.205907
457 0.202983
458 0.194031
459 0.200189
460 0.198158
461 0.195704
462 0.192442
463 0.181291
464 0.189114
465 0.187224
466 0.183836
467 0.180301
468 0.179697
469 0.181735
470 0.176944
471 0.20546
472 0.178992
473 0.179582
474 0.198529
475 0.185874
476 0.182618
477 0.19095
478 0.181913
479 0.184445
480 0.203145
481 0.179241
482 0.185839
483 0.177781
484 0.184463
485 0.179256
486 0.185503
487 0.177413
488 0.185719
489 0.178362
490 0.173121
491 0.171824
492 0.191128
493 0.17676
494 0.177356
495 0.179677
496 0.176403
497 0.175483
498 0.182801
499 0.176326
500 0.173495
501 0.176159
502 0.173696
503 0.173734
504 0.174479
505 0.170299
506 0.168193
507 0.174104
508 0.169892
509 0.174172
510 0.169775
511 0.169203
512 0.17232
513 0.176475
514 0.170362
515 0.176359
516 0.170642
517 0.168535
518 0.168052
519 0.191725
520 0.169669
521 0.174266
522 0.169566
523 0.168911
524 0.168019
525 0.190886
526 0.168365
527 0.166839
528 0.187927
529 0.188519
530 0.16846
531 0.171731
532 0.16775
533 0.16647
534 0.187428
535 0.16691
536 0.167478
537 0.188366
538 0.16758
539 0.187948
540 0.167558
541 0.16939
542 0.167288
543 0.188457
544 0.16736
545 0.167206
546 0.16733
547 0.166567
548 0.166263
549 0.187716
550 0.16606
551 0.187268
552 0.167609
553 0.166717
554 0.187332
555 0.166818
556 0.167635
557 0.166643
558 0.1662
559 0.167205
560 0.166549
561 0.166509
562 0.16672
563 0.187386
564 0.166502
565 0.166767
566 0.166389
567 0.166074
568 0.166029
569 0.187606
570 0.187333
571 0.166308
572 0.166367
573 0.166222
574 0.187179
575 0.166273
576 0.165875
577 0.165865
578 0.166146
579 0.166156
580 0.187001
581 0.166112
582 0.187079
583 0.166093
584 0.166033
585 0.166054
586 0.166171
587 0.16598
588 0.166375
589 0.165951
590 0.166289
591 0.165963
592 0.165766
593 0.18712
594 0.165801
595 0.165718
596 0.165686
597 0.166004
598 0.165686
599 0.165738
600 0.166126
601 0.16583
602 0.165674
603 0.165771
604 0.165967
605 0.165759
606 0.165888
607 0.165907
608 0.165793
609 0.165856
610 0.165771
611 0.187096
612 0.165727
613 0.165953
614 0.165715
615 0.165581
616 0.165568
617 0.165588
618 0.165888
619 0.165658
620 0.165734
621 0.165606
622 0.16571
623 0.165621
624 0.165544
625 0.186963
626 0.165657
627 0.1659
628 0.16559
629 0.165471
630 0.288272
631 0.289674
632 0.16558
633 0.165442
634 0.306176
635 0.165441
636 0.288019
637 0.165527
638 0.165516
639 0.165456
640 0.165438
641 0.186767
642 0.165466
643 0.288737
644 0.165502
645 0.165477
646 0.165366
647 0.16534
648 0.288679
649 0.165455
650 0.165504
651 0.165436
652 0.165323
653 0.287944
654 0.165455
655 0.186709
656 0.165428
657 0.165421
658 0.288192
659 0.165415
660 0.16551
661 0.165398
662 0.288087
663 0.165415
664 0.165383
665 0.165413
666 0.165433
667 0.165363
668 0.165402
669 0.165314
670 0.165285
671 0.165443
672 0.165366
673 0.16528
674 0.287679
675 0.165267
676 0.287637
677 0.287968
678 0.165361
679 0.165383
680 0.165286
681 0.165359
682 0.165247
683 0.288285
684 0.287796
685 0.165321
686 0.165274
687 0.287624
688 0.165319
689 0.165323
690 0.165255
691 0.165367
692 0.16528
693 0.165277
694 0.287358
695 0.165288
696 0.287357
697 0.165289
698 0.165234
699 0.287357
700 0.165233
701 0.287292
702 0.165238
703 0.287749
704 0.165264
705 0.165224
706 0.165218
707 0.165214
708 0.186507
709 0.287788
710 0.165247
711 0.165221
712 0.165197
713 0.186471
714 0.287504
715 0.16524
716 0.165221
717 0.165263
718 0.165222
719 0.287583
720 0.16523
721 0.165186
722 0.287491
723 0.165219
724 0.165181
725 0.186518
726 0.16517
727 0.186505
728 0.165161
729 0.304999
730 0.165187
731 0.186476
732 0.165199
733 0.186466
734 0.165198
735 0.186536
736 0.165199
737 0.165174
738 0.165195
739 0.16516
740 0.186469
741 0.186535
742 0.165186
743 0.165153
744 0.18645
745 0.165165
746 0.165181
747 0.16518
748 0.1865
749 0.165175
750 0.165148
751 0.186532
752 0.165181
753 0.165167
754 0.165144
755 0.165133
756 0.18648
757 0.165165
758 0.165134
759 0.186472
760 0.165161
761 0.2875
762 0.16516
763 0.165141
764 0.165166
765 0.165153
766 0.165135
767 0.18648
768 0.165152
769 0.165129
770 0.165117
771 0.165128
772 0.165113
773 0.165092
774 0.165115
775 0.165127
776 0.165097
777 0.165093
778 0.165097
779 0.165116
780 0.165094
781 0.186501
782 0.165118
783 0.165084
784 0.165069
785 0.165075
786 0.165068
787 0.186449
788 0.165064
789 0.287892
790 0.186427
791 0.165097
792 0.165056
793 0.165039
794 0.165058
795 0.165049
796 0.165037
797 0.16501
798 0.165025
799 0.165017
800 0.165019
801 0.287963
802 0.165054
803 0.165015
804 0.287796
805 0.165049
806 0.165003
807 0.164985
808 0.164989
809 0.164986
810 0.164972
811 0.186353
812 0.16496
813 0.287747
814 0.164962
815 0.164964
816 0.164969
817 0.164957
818 0.164959
819 0.164936
820 0.164912
821 0.164924
822 0.164937
823 0.164924
824 0.1649
825 0.287546
826 0.164911
827 0.164914
828 0.164908
829 0.164907
830 0.164897
831 0.164908
832 0.164877
833 0.164867
834 0.164877
835 0.164878
836 0.164874
837 0.16487
838 0.164862
839 0.164857
840 0.164851
841 0.164843
842 0.164858
843 0.164843
844 0.164855
845 0.164906
846 0.164868
847 0.164832
848 0.287604
849 0.164835
850 0.164836
851 0.16482
852 0.164811
853 0.164842
854 0.164873
855 0.164842
856 0.164815
857 0.164808
858 0.164802
859 0.164824
860 0.28744
861 0.16483
862 0.287581
863 0.164828
864 0.164823
865 0.164818
866 0.164803
867 0.164819
868 0.186152
869 0.164815
870 0.287105
871 0.164817
872 0.287149
873 0.164816
874 0.164839
875 0.16481
876 0.164824
877 0.164811
878 0.164822
879 0.16481
880 0.164802
881 4.41417
882 0.248813
883 0.249892
884 0.164802
885 0.164802
886 0.166639
887 0.163076
888 1.28514
889 0.164699
890 0.164802
891 1.68528
892 0.586303
893 1.28337
894 0.452655
895 0.743292
896 0.274186
897 0.484367
898 0.236539
899 0.337947
900 0.189333
901 0.278429
902 0.182666
903 0.264956
904 0.184663
905 0.232147
906 0.180831
907 0.212185
908 0.1693
909 0.179743
910 0.183997
911 0.169052
912 0.186911
913 0.16798
914 0.181301
915 0.168205
916 0.170076
917 0.165698
918 0.169531
919 0.165635
920 0.16883
921 0.165395
922 0.170637
923 0.165136
924 0.163891
925 0.165434
926 0.164265
927 0.166046
928 0.16443
929 0.16502
930 0.165322
931 0.16438
932 0.165357
933 0.164336
934 0.163524
935 0.163329
936 0.184522
937 0.164283
938 0.285641
939 0.164259
940 0.163136
941 0.16329
942 0.163069
943 0.163018
944 0.162947
945 0.163146
946 0.162324
947 0.183063
948 0.163112
949 0.161961
950 0.161435
951 0.162469
952 0.161799
953 0.161833
954 0.161625
955 0.161803
956 0.162991
957 0.161389
958 0.161466
959 0.161414
960 0.162576
961 0.160983
962 0.161135
963 0.162573
964 0.161744
965 0.161336
966 0.161051
967 0.160931
968 0.160973
969 0.161178
970 0.16097
971 0.161805
972 0.161208
973 0.161047
974 0.16114
975 0.16098
976 0.161154
977 0.160794
978 0.161091
979 0.16117
980 0.161226
981 0.160925
982 0.161201
983 0.16093
984 0.161122
985 0.160898
986 0.161243
987 0.160886
988 0.160785
989 0.160968
990 0.161073
991 0.160858
992 0.161104
993 0.160832
994 0.160948
995 0.160746
996 0.160846
997 0.160961
998 0.160818
999 0.160748
1000 0.160785
1001 0.160677
1002 0.160752
1003 0.160755
1004 0.160706
1005 0.160712
1006 0.160534
1007 0.16043
1008 0.160693
1009 0.160717
1010 0.160684
1011 0.160825
1012 0.160653
1013 0.160839
1014 0.160641
1015 0.160512
1016 0.16049
1017 0.160744
1018 0.160604
1019 0.160578
1020 0.160549
1021 0.160545
1022 0.160516
1023 0.160393
1024 0.160347
1025 0.160345
1026 0.160303
1027 0.160253
1028 0.206298
1029 0.16028
1030 0.160213
1031 0.160154
1032 0.160245
1033 0.206115
1034 0.160393
1035 0.160263
1036 0.206585
1037 0.160354
1038 0.206344
1039 0.160355
1040 0.160035
1041 0.159855
1042 0.159999
1043 0.159927
1044 0.206242
1045 0.160218
1046 0.206133
1047 0.16019
1048 0.160164
1049 0.160084
1050 0.160091
1051 0.159902
1052 0.110219
1053 0.11034
1054 0.109883
1055 0.109644
1056 0.10997
1057 0.110035
1058 0.109606
1059 0.109338
1060 0.109829
1061 0.10972
1062 0.109432
1063 0.109556
1064 0.109436
1065 0.10934
1066 0.10897
1067 0.108467
1068 0.109082
1069 0.108778
1070 0.108803
1071 0.108974
1072 0.133111
1073 0.109328
1074 0.108602
1075 0.108705
1076 0.133164
1077 0.109123
1078 0.108721
1079 0.133078
1080 0.109033
1081 0.13307
1082 0.109028
1083 0.108481
1084 0.108385
1085 0.108162
1086 0.132959
1087 0.108804
1088 0.132996
1089 0.108792
1090 0.108349
1091 0.108226
1092 0.108364
1093 0.132889
1094 0.108595
1095 0.108321
1096 0.108185
1097 0.10804
1098 0.13272
1099 0.107961
1100 0.13264
1101 0.132665
1102 0.108383
1103 0.108054
1104 0.107982
1105 0.107843
1106 0.132602
1107 0.108092
1108 0.132879
1109 0.108156
1110 0.132786
1111 0.108126
1112 0.107888
1113 0.107932
1114 0.107814
1115 0.107739
1116 0.107719
1117 0.132662
1118 0.107728
1119 0.107923
1120 0.132702
1121 0.107921
1122 0.107731
1123 0.107712
1124 0.107766
1125 0.107715
1126 0.107714
1127 0.107893
1128 0.107537
1129 0.107405
1130 0.107795
1131 0.107494
1132 0.107514
1133 0.107705
1134 0.107632
1135 0.107599
1136 0.107456
1137 0.10761
1138 0.107471
1139 0.107433
1140 0.107377
1141 0.107435
1142 0.107395
1143 0.10744
1144 0.132307
1145 0.107491
1146 0.107344
1147 0.107453
1148 0.107253
1149 0.132232
1150 0.107469
1151 0.10723
1152 0.132326
1153 0.107396
1154 0.107425
1155 0.132379
1156 0.107372
1157 0.107518
1158 0.107339
1159 0.107341
1160 0.107399
1161 0.107344
1162 0.107387
1163 0.132269
1164 0.107325
1165 0.107269
1166 0.107395
1167 0.10731
1168 0.107283
1169 0.107222
1170 0.132389
1171 0.107333
1172 0.107195
1173 0.107167
1174 0.107244
1175 0.10717
1176 0.107218
1177 0.132128
1178 0.107254
1179 0.107141
1180 0.107156
1181 0.107262
1182 0.132224
1183 0.107218
1184 0.107275
1185 0.107199
1186 0.132178
1187 0.107211
1188 0.107113
1189 0.10708
1190 0.10714
1191 0.107121
1192 0.107128
1193 0.132177
1194 0.107168
1195 0.107101
1196 0.107008
1197 0.132025
1198 0.107033
1199 0.107068
1200 0.106971
1201 0.131991
1202 0.107101
1203 0.107034
1204 0.106979
1205 0.107045
1206 0.106935
1207 0.106899
1208 0.107046
1209 0.106942
1210 0.131939
1211 0.107016
1212 0.132153
1213 0.107003
1214 0.107059
1215 0.106985
1216 0.107005
1217 0.106955
1218 0.106919
1219 0.106896
1220 0.131905
1221 0.106859
1222 0.106802
1223 0.106869
1224 0.106818
1225 0.106818
1226 0.106753
1227 0.171041
1228 0.106748
1229 0.106699
1230 0.150934
1231 0.106874
1232 0.106908
1233 0.106721
1234 0.106894
1235 0.150851
1236 0.106832
1237 0.106715
1238 0.106839
1239 0.106668
1240 0.150736
1241 0.106752
1242 0.106762
1243 0.106615
1244 0.150593
1245 0.150745
1246 0.106753
1247 0.150728
1248 0.106756
1249 0.106644
1250 0.106757
1251 0.106703
1252 0.106612
1253 0.106554
1254 0.106586
1255 0.106705
1256 0.106613
1257 0.106573
1258 0.150457
1259 0.106653
1260 0.106685
1261 0.106559
1262 0.106558
1263 0.10661
1264 0.106502
1265 0.106447
1266 0.150603
1267 0.106602
1268 0.150651
1269 0.106593
1270 0.106554
1271 0.106529
1272 0.10653
1273 0.106459
1274 0.150645
1275 0.106552
1276 0.106492
1277 0.106469
1278 0.106483
1279 0.106545
1280 0.106455
1281 0.106434
1282 0.150641
1283 0.106398
1284 0.106359
1285 0.106461
1286 0.106431
1287 0.106407
1288 0.106359
1289 0.106366
1290 0.106362
1291 0.106453
1292 0.106365
1293 0.106304
1294 0.150502
1295 0.106389
1296 0.106296
1297 0.150932
1298 0.106335
1299 0.106317
1300 0.106272
1301 0.150534
1302 0.106363
1303 0.106364
1304 0.1506
1305 0.106334
1306 0.106361
1307 0.106384
1308 0.10632
1309 0.106273
1310 0.106331
1311 0.10632
1312 0.106235
1313 0.106199
1314 0.150639
1315 0.106297
1316 0.150749
1317 0.106301
1318 0.150872
1319 0.10629
1320 0.106302
1321 0.106253
1322 0.106299
1323 0.106256
1324 0.106298
1325 0.106215
1326 0.106311
1327 0.106261
1328 0.10628
1329 0.106213
1330 0.106184
1331 0.10614
1332 0.106195
1333 0.106211
1334 0.106145
1335 0.106212
1336 0.106185
1337 0.15073
1338 0.106217
1339 0.106136
1340 0.106124
1341 0.150788
1342 0.10619
1343 0.106122
1344 0.106096
1345 0.106144
1346 0.15068
1347 0.106173
1348 0.106105
1349 0.10609
1350 0.106079
1351 0.106103
1352 0.106048
1353 0.106015
1354 0.106054
1355 0.105998
1356 0.105947
1357 0.106069
1358 0.106004
1359 0.10606
1360 0.106009
1361 0.106034
1362 0.105987
1363 0.106047
1364 0.105977
1365 0.10592
1366 0.150679
1367 0.105963
1368 0.105972
1369 0.105944
1370 0.105917
1371 0.10595
1372 0.105932
1373 0.150664
1374 0.10596
1375 0.10587
1376 0.105836
1377 0.105855
1378 0.105917
1379 0.105938
1380 0.105847
1381 0.105812
1382 0.150368
1383 0.105817
1384 0.105837
1385 0.150926
1386 0.105873
1387 0.105786
1388 0.150649
1389 0.105756
1390 0.105711
1391 0.10571
1392 0.105642
1393 0.105699
1394 0.105679
1395 0.105657
1396 0.105636
1397 0.105601
1398 0.105594
1399 0.105557
1400 0.105546
1401 0.10552
1402 0.105432
1403 0.105282
1404 0.10534
1405 0.105284
1406 0.105397
1407 0.105202
1408 0.149575
1409 0.105127
1410 0.104893
1411 0.105057
1412 0.104893
1413 0.104569
1414 0.104926
1415 0.104819
1416 0.104799
1417 0.10467
1418 0.104545
1419 0.104304
1420 0.10439
1421 0.104151
1422 0.155731
1423 0.104129
1424 0.156365
1425 0.10398
1426 0.155641
1427 0.104176
1428 0.156267
1429 0.104604
1430 0.103924
1431 0.156062
1432 0.104256
1433 0.156297
1434 0.104404
1435 0.15595
1436 0.104372
1437 0.156259
1438 0.104329
1439 0.156329
1440 0.104263
1441 0.103919
1442 0.155711
1443 0.156003
1444 0.104221
1445 0.156134
1446 0.10419
1447 0.104007
1448 0.156011
1449 0.104146
1450 0.104332
1451 0.104079
1452 0.103836
1453 0.155793
1454 0.156021
1455 0.104089
1456 0.104174
1457 0.10404
1458 0.156077
1459 0.10406
1460 0.103815
1461 0.155822
1462 0.103954
1463 0.1038
1464 0.155604
1465 0.103856
1466 0.15583
1467 0.103966
1468 0.155975
1469 0.103951
1470 0.156139
1471 0.103935
1472 0.155832
1473 0.103921
1474 0.155914
1475 0.103915
1476 0.156491
1477 0.103893
1478 0.156013
1479 0.103905
1480 0.156095
1481 0.103895
1482 0.103906
1483 0.15585
1484 0.103887
1485 0.1039
1486 0.103794
1487 0.15578
1488 0.103906
1489 0.10386
1490 0.103779
1491 0.155798
1492 0.155983
1493 0.103854
1494 0.155885
1495 0.10386
1496 0.156036
1497 0.103856
1498 0.155859
1499 0.103852
1500 0.103778
1501 0.155872
1502 0.156071
1503 0.103832
1504 0.155986
1505 0.103832
1506 0.103863
1507 0.103822
1508 0.155921
1509 0.103828
1510 0.155878
1511 0.103828
1512 0.103827
1513 0.155956
1514 0.103817
1515 0.103776
1516 0.155887
1517 0.103773
1518 0.155825
1519 0.155857
1520 0.10381
1521 0.156008
1522 0.103805
1523 0.15578
1524 0.103804
1525 0.1559
1526 0.103803
1527 0.103809
1528 0.155842
1529 0.103799
1530 0.156022
1531 0.103794
1532 0.155909
1533 0.103796
1534 0.103777
1535 0.15584
1536 0.103794
1537 0.103783
1538 0.103766
1539 0.155824
1540 0.103764
1541 0.155854
1542 0.155913
1543 0.103785
1544 0.155863
1545 0.103785
1546 0.155879
1547 0.103784
1548 0.103767
1549 0.103762
1550 0.155868
1551 0.155882
1552 0.103777
1553 0.155827
1554 0.103775
1555 0.155869
1556 0.103775
1557 0.155836
1558 0.103774
1559 0.155872
1560 0.103774
1561 0.103771
1562 0.103765
1563 0.155868
1564 0.103771
1565 0.103762
1566 0.155894
1567 0.103761
1568 0.155871
1569 0.155895
1570 0.103769
1571 0.103761
1572 0.103761
1573 0.155884
1574 0.103767
1575 0.103761
1576 4.86868
1577 0.186708
1578 0.235724
1579 0.14793
1580 0.103761
1581 0.104529
1582 0.104021
1583 1.04326
1584 0.103628
1585 0.103761
1586 1.78254
1587 0.558821
1588 0.975333
1589 0.345892
1590 0.77341
1591 0.220415
1592 0.395275
1593 0.148932
1594 0.301761
1595 0.132292
1596 0.273219
1597 0.131005
1598 0.24552
1599 0.122794
1600 0.169541
1601 0.113148
1602 0.104769
1603 0.136355
1604 0.110455
1605 0.138847
1606 0.110215
1607 0.125508
1608 0.108273
1609 0.119218
1610 0.105578
1611 0.10979
1612 0.1077
1613 0.114534
1614 0.104701
1615 0.107707
1616 0.104567
1617 0.111035
1618 0.104269
1619 0.106215
1620 0.104062
1621 0.147794
1622 0.103988
1623 0.10584
1624 0.103791
1625 0.104633
1626 0.103868
1627 0.103353
1628 0.10379
1629 0.10489
1630 0.103659
1631 0.104602
1632 0.103624
1633 0.103773
1634 0.147255
1635 0.103697
1636 0.10374
1637 0.104532
1638 0.103508
1639 0.104023
1640 0.103559
1641 0.103379
1642 0.103363
1643 0.154908
1644 0.103565
1645 0.103607
1646 0.103196
1647 0.103059
1648 0.103371
1649 0.103336
1650 0.103148
1651 0.103351
1652 0.103032
1653 0.102998
1654 0.102995
1655 0.103076
1656 0.103078
1657 0.102853
1658 0.102752
1659 0.103461
1660 0.103093
1661 0.102813
1662 0.102915
1663 0.10293
1664 0.102721
1665 0.146454
1666 0.102831
1667 0.10289
1668 0.102723
1669 0.10296
1670 0.146209
1671 0.102831
1672 0.102784
1673 0.146439
1674 0.10278
1675 0.102787
1676 0.102873
1677 0.10266
1678 0.102807
1679 0.102926
1680 0.102722
1681 0.102674
1682 0.146207
1683 0.102717
1684 0.102631
1685 0.102752
1686 0.102759
1687 0.102789
1688 0.102675
1689 0.102657
1690 0.14627
1691 0.10266
1692 0.102533
1693 0.102499
1694 0.102754
1695 0.102626
1696 0.102593
1697 0.10279
1698 0.102613
1699 0.102528
1700 0.102539
1701 0.102633
1702 0.145882
1703 0.102599
1704 0.102517
1705 0.10259
1706 0.102551
1707 0.102608
1708 0.102445
1709 0.102424
1710 0.102524
1711 0.102524
1712 0.102389
1713 0.145494
1714 0.14562
1715 0.102511
1716 0.102567
1717 0.10248
1718 0.145766
1719 0.102481
1720 0.102537
1721 0.102474
1722 0.102404
1723 0.102521
1724 0.102469
1725 0.102525
1726 0.102457
1727 0.102415
1728 0.102376
1729 0.145531
1730 0.102453
1731 0.145601
1732 0.102437
1733 0.10235
1734 0.102323
1735 0.102381
1736 0.102372
1737 0.102319
1738 0.102312
1739 0.102362
1740 0.102281
1741 0.15324
1742 0.102342
1743 0.102286
1744 0.102265
1745 0.102274
1746 0.102232
1747 0.153167
1748 0.102411
1749 0.102307
1750 0.102275
1751 0.102283
1752 0.10226
1753 0.102242
1754 0.102223
1755 0.153443
1756 0.153129
1757 0.102269
1758 0.10224
1759 0.102306
1760 0.102244
1761 0.102301
1762 0.102244
1763 0.102231
1764 0.102307
1765 0.102237
1766 0.102193
1767 0.153033
1768 0.102219
1769 0.102193
1770 0.102222
1771 0.102196
1772 0.153067
1773 0.102215
1774 0.102211
1775 0.102203
1776 0.102193
1777 0.102214
1778 0.153216
1779 0.10221
1780 0.102187
1781 0.102201
1782 0.102176
1783 0.10218
1784 0.102192
1785 0.102157
1786 0.153029
1787 0.102189
1788 0.153053
1789 0.102192
1790 0.102185
1791 0.102173
1792 0.102193
1793 0.102178
1794 0.10216
1795 0.102178
1796 0.102146
1797 0.10213
1798 0.102219
1799 0.102167
1800 0.102159
1801 0.102144
1802 0.102152
1803 0.102146
1804 0.102136
1805 0.102119
1806 0.152963
1807 0.102123
1808 0.102106
1809 0.102085
1810 0.153015
1811 0.10214
1812 0.15294
1813 0.102139
1814 0.102103
1815 0.102114
1816 0.102105
1817 0.102096
1818 0.102077
1819 0.152909
1820 0.102067
1821 0.152832
1822 0.15284
1823 0.102113
1824 0.102085
1825 0.102085
1826 0.102056
1827 0.102031
1828 0.102076
1829 0.102037
1830 0.102049
1831 0.102046
1832 0.102022
1833 0.101997
1834 0.102025
1835 0.101999
1836 0.102013
1837 0.101987
1838 0.101962
1839 0.101984
1840 0.10197
1841 0.101949
1842 0.101912
1843 0.101952
1844 0.101915
1845 0.101893
1846 0.152592
1847 0.101905
1848 0.101878
1849 0.101835
1850 0.101877
1851 0.101837
1852 0.101839
1853 0.101791
1854 0.101708
1855 0.101779
1856 0.101763
1857 0.101738
1858 0.101745
1859 0.101714
1860 0.101666
1861 0.101584
1862 0.101657
1863 0.101616
1864 0.101567
1865 0.101452
1866 0.101503
1867 0.101573
1868 0.101472
1869 0.101519
1870 0.101417
1871 0.101303
1872 0.101332
1873 0.101349
1874 0.10126
1875 0.101097
1876 0.101229
1877 0.101166
1878 0.101124
1879 0.101107
1880 0.101106
1881 0.101003
1882 0.100874
1883 0.100911
1884 0.100838
1885 0.1006
1886 0.100792
1887 0.100671
1888 0.100667
1889 0.100694
1890 0.100621
1891 0.100598
1892 0.100585
1893 0.100386
1894 0.100193
1895 0.100322
1896 0.100247
1897 0.100105
1898 0.0997996
1899 0.100089
1900 0.100006
1901 0.100001
1902 0.0999153
1903 0.143093
1904 0.100328
1905 0.100228
1906 0.14278
1907 0.100293
1908 0.099918
1909 0.142955
1910 0.100139
1911 0.142908
1912 0.100133
1913 0.0998718
1914 0.100136
1915 0.143285
1916 0.100052
1917 0.0997875
1918 0.142624
1919 0.100155
1920 0.0999698
1921 0.0996948
1922 0.142485
1923 0.0996571
1924 0.099492
1925 0.142819
1926 0.0999191
1927 0.0997243
1928 0.0995824
1929 0.0997108
1930 0.142625
1931 0.0998026
1932 0.0995169
1933 0.0994756
1934 0.142236
1935 0.142534
1936 0.0997297
1937 0.0994347
1938 0.142212
1939 0.125084
1940 0.0996458
1941 0.0994089
1942 0.124559
1943 0.142374
1944 0.0996306
1945 0.0993741
1946 0.0992584
1947 0.0994978
1948 0.0992407
1949 0.0990423
1950 0.099225
1951 0.0991058
1952 0.0990419
1953 0.0987882
1954 0.14189
1955 0.0993711
1956 0.124524
1957 0.0993327
1958 0.0991034
1959 0.0989182
1960 0.0988603
1961 0.098896
1962 0.0986951
1963 0.0983885
1964 0.0985535
1965 0.0985655
1966 0.0984681
1967 0.0983615
1968 0.0980158
1969 0.0982552
1970 0.0981385
1971 0.0980718
1972 0.0979668
1973 0.122795
1974 0.0977601
1975 0.0972861
1976 0.0976164
1977 0.0976124
1978 0.0974416
1979 0.0973145
1980 0.097132
1981 0.0965883
1982 0.0970612
1983 0.0969042
1984 0.0966664
1985 0.096498
1986 0.0959312
1987 0.0962684
1988 0.0961612
1989 0.0961504
1990 0.095979
1991 0.095812
1992 0.0954833
1993 0.0954137
1994 0.0949184
1995 0.095216
1996 0.0950067
1997 0.0951251
1998 0.0952422
1999 0.0952689
2000 0.0955506
2001 0.0948254
2002 0.0952964
2003 0.0950295
2004 0.0957292
2005 0.0951125
2006 0.0948655
2007 0.09489
2008 0.0947698
2009 0.0949808
2010 0.0944854
2011 0.0942843
2012 0.0947818
2013 0.0943425
2014 0.0945568
2015 0.0947048
2016 0.0942929
2017 0.0941488
2018 0.0940198
2019 0.0944389
2020 0.0943409
2021 0.0942891
2022 0.0942939
2023 0.0936498
2024 0.0932326
2025 0.0939171
2026 0.0936252
2027 0.0940755
2028 0.093673
2029 0.0936101
2030 0.0941424
2031 0.0933103
2032 0.0936113
2033 0.142949
2034 0.0937728
2035 0.093666
2036 0.0936207
2037 0.0934414
2038 0.0934627
2039 0.0930558
2040 0.143038
2041 0.0929704
2042 0.0928094
2043 0.0929051
2044 0.0933705
2045 0.092847
2046 0.094402
2047 0.0930489
2048 0.0925075
2049 0.0921577
2050 0.0927543
2051 0.0925361
2052 0.0935045
2053 0.0929068
2054 0.0922599
2055 0.092203
2056 0.0926155
2057 0.0920154
2058 0.118006
2059 0.0926137
2060 0.0921002
2061 0.0919295
2062 0.0919196
2063 0.118999
2064 0.0923569
2065 0.0917579
2066 0.117945
2067 0.0916452
2068 0.0914517
2069 0.0918989
2070 0.117855
2071 0.0921353
2072 0.117667
2073 0.0920696
2074 0.091431
2075 0.117447
2076 0.0913061
2077 0.0909473
2078 0.0913616
2079 0.117446
2080 0.0918064
2081 0.0913879
2082 0.0908473
2083 0.116772
2084 0.0906892
2085 0.0901544
2086 0.0917284
2087 0.0906697
2088 0.0903293
2089 0.0905129
2090 0.0912022
2091 0.0906093
2092 0.0901325
2093 0.0899893
2094 0.089967
2095 0.116579
2096 0.115828
2097 0.0907996
2098 0.0904369
2099 0.0898447
2100 0.0898929
2101 0.0895657
2102 0.0892596
2103 0.089113
2104 0.0884101
2105 0.0893787
2106 0.089187
2107 0.089472
2108 0.0895384
2109 0.089103
2110 0.0889261
2111 0.0885191
2112 0.0890332
2113 0.0883631
2114 0.0885498
2115 0.0890058
2116 0.0884894
2117 0.0879535
2118 0.0877554
2119 0.0876836
2120 0.138672
2121 0.0890524
2122 0.0877444
2123 0.0891353
2124 0.088287
2125 0.0874739
2126 0.114144
2127 0.114852
2128 0.0883409
2129 0.138232
2130 0.0883341
2131 0.0882927
2132 0.115118
2133 0.088071
2134 0.0883785
2135 0.0879788
2136 0.087376
2137 0.13825
2138 0.0873094
2139 0.0871806
2140 0.138251
2141 0.0879204
2142 0.0878596
2143 0.138033
2144 0.0878481
2145 0.0874705
2146 0.114223
2147 0.0876482
2148 0.0870428
2149 0.137776
2150 0.087594
2151 0.0867988
2152 0.159837
2153 0.160906
2154 0.0874094
2155 0.0872893
2156 0.0871257
2157 0.113807
2158 0.0873414
2159 0.114725
2160 0.0872112
2161 0.138592
2162 0.0871838
2163 0.0869579
2164 0.1139
2165 0.0872082
2166 0.0872723
2167 0.113912
2168 0.0871543
2169 0.0870101
2170 0.0874376
2171 0.0870271
2172 0.0869261
2173 0.113874
2174 0.0870685
2175 0.137814
2176 0.0870314
2177 0.0872009
2178 0.0869931
2179 0.0866934
2180 0.113656
2181 0.138194
2182 0.0869484
2183 0.0866889
2184 0.113721
2185 0.086752
2186 0.0866408
2187 0.137413
2188 0.137728
2189 0.0868814
2190 0.0868228
2191 0.0866036
2192 0.0865425
2193 0.113977
2194 0.0867925
2195 0.137413
2196 0.0868102
2197 0.0866617
2198 0.0865003
2199 0.137318
2200 0.0869224
2201 0.0866763
2202 0.137517
2203 0.0867119
2204 0.0865322
2205 0.113647
2206 0.0866923
2207 0.137406
2208 0.0866644
2209 0.0864864
2210 0.0863887
2211 0.0864932
2212 0.0864013
2213 0.0863845
2214 0.0862953
2215 0.0864452
2216 0.137163
2217 0.0865521
2218 0.0862862
2219 0.0861981
2220 0.0862879
2221 0.0862024
2222 0.136994
2223 0.0864182
2224 0.13725
2225 0.0864038
2226 0.0861648
2227 0.0860424
2228 0.0861025
2229 0.0862119
2230 0.0860393
2231 0.0858968
2232 0.0859669
2233 0.0859313
2234 0.0859046
2235 0.0860038
2236 0.0858407
2237 0.0858085
2238 0.0857657
2239 0.085671
2240 0.0856865
2241 0.0856577
2242 0.0856662
2243 0.0855758
2244 0.0854711
2245 0.0855185
2246 0.0855516
2247 0.0854672
2248 0.085484
2249 0.0853855
2250 0.0853499
2251 0.135015
2252 0.085682
2253 0.0854276
2254 0.0856178
2255 0.0853676
2256 0.0853102
2257 0.0853672
2258 0.0855365
2259 0.0853659
2260 0.135031
2261 0.0854315
2262 0.085564
2263 0.0854027
2264 0.0854158
2265 0.0854663
2266 0.0852499
2267 0.0852345
2268 0.085308
2269 0.135135
2270 0.085355
2271 0.134702
2272 0.0853482
2273 0.085304
2274 0.0855481
2275 0.0852948
2276 0.0852927
2277 0.0852325
2278 0.0852932
2279 0.0853517
2280 0.134775
2281 0.0852975
2282 0.0853531
2283 0.0852726
2284 0.0855625
2285 0.0852481
2286 0.134661
2287 0.0852871
2288 0.0852026
2289 0.0851925
2290 0.0852023
2291 0.0852548
2292 0.0851306
2293 0.134547
2294 0.0853391
2295 0.0852209
2296 0.0852035
2297 0.0851212
2298 0.134505
2299 0.0851751
2300 0.134829
2301 0.085198
2302 0.0851173
2303 0.134612
2304 0.0851744
2305 0.0851094
2306 0.0851243
2307 0.0851217
2308 0.0851649
2309 0.134459
2310 0.0851535
2311 0.13457
2312 0.0851538
2313 0.0851354
2314 0.0851058
2315 0.0851485
2316 0.0851428
2317 0.0851675
2318 0.085122
2319 0.13464
2320 0.0851278
2321 0.085069
2322 0.134524
2323 0.0851404
2324 0.0851081
2325 0.134762
2326 0.0851016
2327 0.0850758
2328 0.0850587
2329 0.134603
2330 0.0850761
2331 0.0851041
2332 0.0850501
2333 0.0850358
2334 0.0850742
2335 0.0850472
2336 0.0850374
2337 0.0850204
2338 0.134602
2339 0.0850458
2340 0.08501
2341 0.134824
2342 0.0850007
2343 0.134427
2344 0.0849863
2345 0.13473
2346 0.134507
2347 0.0850373
2348 0.0849963
2349 0.0849731
2350 0.0849543
2351 0.0849921
2352 0.0850423
2353 0.0850065
2354 0.0849715
2355 0.0849437
2356 0.134783
2357 0.0849461
2358 0.112086
2359 0.0849907
2360 0.0849639
2361 0.0849554
2362 0.112102
2363 0.0849718
2364 0.0849412
2365 0.134643
2366 0.0849472
2367 0.111975
2368 0.0849689
2369 0.111992
2370 0.0849643
2371 0.112001
2372 0.0849576
2373 0.0849342
2374 0.0849352
2375 0.0849181
2376 0.111953
2377 0.0849171
2378 0.111957
2379 0.134559
2380 0.0849453
2381 0.11197
2382 0.0849446
2383 0.0849407
2384 0.134506
2385 0.0849402
2386 0.0849503
2387 0.0849354
2388 0.0849454
2389 0.0849351
2390 0.0849253
2391 0.0849206
2392 0.0849338
2393 0.0849106
2394 0.0848963
2395 0.0849218
2396 0.0849076
2397 0.084904
2398 0.111947
2399 0.0849231
2400 0.111946
2401 0.0849228
2402 0.0849074
2403 0.111946
2404 0.0849167
2405 0.0848982
2406 0.111958
2407 0.0849147
2408 0.0849124
2409 0.0849
2410 0.0848925
2411 0.0848841
2412 0.0849001
2413 0.0848801
2414 0.111925
2415 0.0848777
2416 0.111945
2417 0.0848875
2418 0.0848864
2419 0.0848765
2420 0.111884
2421 0.0848762
2422 0.0848776
2423 0.111941
2424 0.0848896
2425 0.0848739
2426 0.0848754
2427 0.0848689
2428 0.0848663
2429 0.0848628
2430 0.0848584
2431 0.0848526
2432 0.111908
2433 0.0848776
2434 0.0848636
2435 0.0848467
2436 0.1119
2437 0.0848559
2438 0.0848511
2439 0.0848604
2440 0.0848573
2441 0.0848552
2442 0.0848429
2443 0.0848479
2444 0.1119
2445 0.0848562
2446 0.0848435
2447 0.0848761
2448 0.0848493
2449 0.0848408
2450 0.0848391
2451 0.111883
2452 0.08485
2453 0.0848338
2454 0.111889
2455 0.0848298
2456 0.111873
2457 0.0848484
2458 0.084844
2459 0.084829
2460 0.111898
2461 0.111879
2462 0.0848428
2463 0.084832
2464 0.0848472
2465 0.0848381
2466 0.0848371
2467 0.111905
2468 0.084838
2469 0.0848296
2470 0.0848299
2471 0.084821
2472 0.084814
2473 0.111904
2474 0.0848323
2475 0.0848234
2476 0.0848166
2477 0.0848285
2478 0.084824
2479 0.111873
2480 0.0848273
2481 0.0848208
2482 0.0848169
2483 0.084819
2484 0.111878
2485 0.0848233
2486 0.0848166
2487 0.0848237
2488 0.0848108
2489 0.0848082
2490 0.0848121
2491 0.111854
2492 0.0848173
2493 0.084809
2494 0.0848046
2495 0.0848004
2496 0.0848092
2497 0.084802
2498 0.111814
2499 0.0848121
2500 0.0848094
2501 0.111827
2502 0.0848109
2503 0.0848132
2504 0.0848072
2505 0.0848119
2506 0.0847997
2507 0.0847965
2508 0.0848065
2509 0.0848151
2510 0.0848051
2511 0.0847983
2512 0.0848002
2513 0.0848031
2514 0.111789
2515 0.0848037
2516 0.111783
2517 0.0848038
2518 0.111815
2519 0.084803
2520 0.0848042
2521 0.0848
2522 0.0847965
