0 20.6932
1 27.0958
2 32.7238
3 37.3419
4 41.159
5 44.5607
6 47.8807
7 51.3241
8 54.9941
9 58.9426
10 63.2027
11 67.804
12 72.7774
13 78.1563
14 83.9779
15 90.2829
16 97.1163
17 104.528
18 112.572
19 121.31
20 130.809
21 141.144
22 152.398
23 164.664
24 178.045
25 192.656
26 208.625
27 226.097
28 245.233
29 266.214
30 289.246
31 314.558
32 342.411
33 373.099
34 406.957
35 444.365
36 485.756
37 531.628
38 582.547
39 639.168
40 702.243
41 772.644
42 851.384
43 939.64
44 1038.79
45 1150.46
46 1276.57
47 1419.37
48 1581.58
49 1766.44

