0 31.7941
1 33.9526
2 36.2722
3 38.7662
4 41.449
5 44.3366
6 47.4461
7 50.7966
8 54.4086
9 58.3049
10 62.5104
11 67.0523
12 71.9606
13 77.2683
14 83.0117
15 89.2309
16 95.9698
17 103.277
18 111.207
19 119.819
20 129.179
21 139.361
22 150.445
23 162.522
24 175.694
25 190.073
26 205.785
27 222.97
28 241.786
29 262.411
30 285.043
31 309.909
32 337.26
33 367.385
34 400.609
35 437.303
36 477.888
37 522.845
38 572.728
39 628.171
40 689.903
41 758.771
42 835.754
43 921.994
44 1018.83
45 1127.81
46 1250.81
47 1390
48 1548.01
49 1727.96

