-50 43.8076
-49 45.8513
-48 48.0147
-47 50.3067
-46 52.7367
-45 55.3152
-44 58.0534
-43 60.9638
-42 64.0601
-41 67.3571
-40 70.8713
-39 74.6208
-38 78.6257
-37 82.9079
-36 87.4922
-35 92.4057
-34 97.6787
-33 103.345
-32 109.443
-31 116.014
-30 123.108
-29 130.777
-28 139.083
-27 148.095
-26 157.893
-25 168.568
-24 180.223
-23 192.981
-22 206.98
-21 222.385
-20 239.387
-19 258.214
-18 279.135
-17 302.474
-16 328.622
-15 358.057
-14 391.369
-13 429.292
-12 472.759
-11 522.964
-10 581.476
-9 650.388
-8 732.579
-7 832.121
-6 955.019
-5 1110.59
-4 1314.32
-3 1594.64
-2 2012.71
-1 2746.17
0 6338.39
1 2746.17
2 2012.71
3 1594.64
4 1314.32
5 1110.59
6 955.019
7 832.121
8 732.579
9 650.388
10 581.476
11 522.964
12 472.759
13 429.292
14 391.369
15 358.057
16 328.622
17 302.474
18 279.135
19 258.214
20 239.387
21 222.385
22 206.98
23 192.981
24 180.223
25 168.568
26 157.893
27 148.095
28 139.083
29 130.777
30 123.108
31 116.014
32 109.443
33 103.345
34 97.6787
35 92.4057
36 87.4922
37 82.9079
38 78.6257
39 74.6208
40 70.8713
41 67.3571
42 64.0601
43 60.9638
44 58.0534
45 55.3152
46 52.7367
47 50.3067
48 48.0147
49 45.8513
50 43.8076

