1 2013.91
2 4116.2
3 3055.45
4 2570.54
5 2028.96
6 2031.11
8 2013.91
9 2936.38
10 2013.18
11 2014
12 586.313
13 1209.83
14 1500.36
15 2023.92
16 2020.19
17 1910.31
18 2013.91
19 4041.17
20 2014.64
21 562.41
22 1954.93
23 390.413
24 246.382
25 204.593
26 164.597
27 169.836
28 203.36
29 169.853
30 139.921
31 151.081
32 105.692
33 90.414
34 65.4207
35 48.8708
36 42.2774
37 35.5676
38 28.5845
39 23.8859
41 17.3567
42 16.6484
43 13.4718
44 13.6799
45 13.5694
46 13.8367
47 13.1407
48 13.158
49 15.5818
50 13.2239
51 12.5084
52 10.9771
53 11.8229
54 11.4316
55 11.3804
56 11.4275
57 11.9673
58 10.9924
59 11.8752
60 11.9975
61 10.7589
62 11.499
63 10.4436
64 10.4625
65 10.668
66 10.3984
67 10.3954
68 10.3482
69 10.3871
70 10.3209
71 10.2188
72 10.1535
73 10.1161
74 10.1097
75 10.084
76 10.0781
77 10.0793
78 10.0671
79 10.0506
80 10.0316
81 10.0314
82 10.0403
83 10.0271
84 10.0196
85 10.0073
86 9.99805
87 9.99799
88 9.99668
89 9.99324
90 9.98595
91 9.97569
92 9.95828
93 9.94209
94 9.91392
95 9.85944
96 9.79153
97 9.89044
98 9.81369
99 9.70753
100 9.62511
101 9.51597
102 9.45532
103 9.49978
104 9.96172
105 9.37596
106 9.4063
107 9.37846
108 9.35429
109 9.34663
110 9.39104
111 9.33691
112 9.33091
113 9.32004
114 9.30157
115 9.2663
116 9.21695
117 9.22858
118 9.17796
119 9.10871
120 9.06963
121 9.08292
122 9.25819
123 9.06762
124 9.06167
125 9.04151
126 9.01139
127 8.94657
128 8.83719
129 8.70076
130 8.90301
131 9.5938
132 8.59058
133 8.3935
134 8.26731
135 8.14241
136 7.77764
137 7.29645
138 9.60887
139 14.8398
140 13.0642
141 7.84282
142 11.4157
143 8.10798
144 7.60168
145 10.9716
146 7.7746
147 10.3922
148 7.25821
149 7.25813
150 7.24566
151 7.26075
152 7.23787
153 7.23946
154 7.22843
155 7.21837
156 7.21939
157 7.22053
158 7.23343
159 7.22128
160 7.20434
161 7.20464
162 7.19691
163 7.191
164 7.18862
165 7.19756
166 7.18326
167 7.17242
168 7.16349
169 7.15689
170 7.15277
171 7.14635
172 7.13913
173 7.14252
174 7.12618
175 7.14162
176 7.12705
177 7.12807
178 7.12088
179 7.11914
180 7.12319
181 7.11925
182 7.11567
183 7.11348
184 7.11093
185 7.10948
186 7.10744
187 7.10624
188 7.10454
189 7.10343
190 7.10255
191 7.10016
192 7.098
193 7.09804
194 7.09534
195 7.09232
196 7.091
197 7.08881
198 7.08594
199 7.08281
200 7.07782
201 7.07207
202 7.06218
203 7.05408
204 7.0438
205 7.03206
206 7.01362
207 10.198
208 7.00882
209 7.01881
210 7.00925
211 7.02336
212 7.00862
213 7.00703
214 7.00443
215 7.00495
216 7.00437
217 7.00413
218 7.00437
219 7.00443
220 7.00299
221 7.00287
222 7.00278
223 7.00237
224 7.00124
225 7.00082
226 7.00019
227 6.99952
228 6.99955
229 6.99883
230 6.99818
231 6.99698
232 6.99466
233 6.99029
234 6.98129
235 6.96606
236 6.94309
237 6.95925
238 6.93482
239 6.92132
240 6.91186
241 6.90163
242 6.88234
243 6.85465
244 6.82971
245 6.8218
246 6.78889
247 6.79943
248 6.78722
249 6.76975
250 6.77518
251 6.76745
252 6.7647
253 6.75671
254 6.74746
255 6.73699
256 6.72855
257 6.71599
258 6.70682
259 6.67818
260 6.65588
261 6.6693
262 6.63354
263 6.58964
264 6.57143
265 6.5484
266 6.53306
267 6.52395
268 6.48218
269 6.49818
270 6.51219
271 6.45776
272 6.43763
273 6.40931
274 6.35563
275 6.29869
276 6.16246
277 6.08357
278 8.57108
279 6.2506
280 6.15378
281 6.18864
282 6.14553
283 6.11329
284 6.10138
285 6.09381
286 6.09367
287 6.08958
288 6.08653
289 6.08157
290 6.07936
291 6.07555
292 6.07432
293 6.07617
294 6.07275
295 6.07025
296 6.06582
297 6.05959
298 6.05484
299 6.05412
300 6.05114
301 6.04883
302 6.04686
303 6.04409
304 6.04215
305 6.04314
306 6.04076
307 6.04123
308 6.04041
309 6.03864
310 8.64602
311 8.64927
312 6.04013
313 6.03832
314 6.03809
315 6.03772
316 6.03774
317 6.03798
318 6.0376
319 6.03806
320 6.03804
321 6.03706
322 6.03733
323 6.03647
324 6.03635
325 6.03633
326 6.03596
327 6.03647
328 6.03605
329 6.03612
330 6.03577
331 6.03565
332 6.03567
333 6.03566
334 6.03559
335 6.03553
336 6.03547
337 6.03543
338 6.03537
339 6.03533
340 6.03528
341 6.03531
342 6.03529
343 6.03524
344 6.03523
345 6.0352
346 6.03519
347 6.0352
348 6.03521
349 6.03507
350 6.03484
351 6.03437
352 6.03347
353 6.03177
354 6.02867
355 6.02263
356 6.01331
357 6.00171
358 5.99337
359 5.98481
360 5.97346
361 5.95897
362 5.95142
363 5.92589
364 5.90252
365 5.87773
366 5.84856
367 5.8274
368 5.90701
369 5.86122
370 5.82361
371 5.81621
372 5.81209
373 5.81283
374 5.8129
375 5.81267
376 5.80973
377 5.80713
378 5.80654
379 5.8035
380 5.80024
381 5.79574
382 5.79453
383 5.7936
384 5.78936
385 5.78392
386 5.78662
387 5.78529
388 5.77667
389 5.77327
390 5.76689
391 5.77406
392 5.76454
393 5.76006
394 5.75917
395 5.76114
396 5.75733
397 5.75582
398 5.75472
399 5.75457
400 5.75233
401 5.74984
402 5.74625
403 5.74206
404 5.73772
405 5.73222
406 5.7238
407 5.71756
408 5.70181
409 5.69255
410 5.67268
411 5.65219
412 5.63558
413 5.61748
414 5.60948
415 5.5915
416 5.57235
417 5.55407
418 5.52872
419 5.48847
420 5.41971
421 5.32851
422 5.75382
423 5.34138
424 7.18813
425 5.53456
426 5.29908
427 5.25355
428 5.31976
429 5.24685
430 5.24206
431 5.27259
432 5.24683
433 5.23806
434 5.2339
435 5.2324
436 5.23107
437 5.23116
438 5.23011
439 5.22887
440 5.22933
441 5.22887
442 5.22726
443 5.22352
444 5.21906
445 5.21921
446 5.21834
447 5.21812
448 5.21805
449 5.21718
450 5.21658
451 5.2156
452 5.21338
453 5.20927
454 5.20189
455 5.1992
456 5.19409
457 5.18626
458 5.17967
459 5.17542
460 5.17311
461 5.1696
462 5.16699
463 5.15885
464 5.15248
465 5.1369
466 5.12628
467 5.1472
468 5.08358
469 5.06408
470 5.04522
471 6.71662
472 5.1461
473 5.02998
474 5.03103
475 5.03013
476 5.02899
477 5.03075
478 5.02652
479 5.02685
480 5.02693
481 5.02687
482 5.02626
483 5.026
484 5.02587
485 5.0257
486 5.02563
487 5.02559
488 5.0256
489 5.0256
490 5.02553
491 5.02545
492 5.0253
493 5.02516
494 5.02501
495 5.02485
496 5.02461
497 5.02436
498 5.02417
499 5.02402
500 5.02382
501 5.02356
502 5.02335
503 5.02304
504 5.02259
505 5.02224
506 5.02173
507 5.0214
508 5.02105
509 5.02053
510 5.02018
511 5.01987
512 5.01994
513 5.01981
514 5.0197
515 5.01974
516 5.01955
517 5.01927
518 5.01899
519 5.01872
520 5.01831
521 5.01788
522 5.01745
523 5.01702
524 5.01672
525 5.01627
526 5.01572
527 5.01487
528 5.01447
529 5.0133
530 5.01151
531 5.01058
532 5.00994
533 5.00974
534 5.00831
535 5.00799
536 5.0083
537 5.00755
538 5.00685
539 5.00577
540 5.00522
541 5.00448
542 5.00366
543 5.00267
544 5.00151
545 5.0001
546 4.99788
547 4.99654
548 4.99276
549 4.98692
550 4.97624
551 4.97075
552 4.94316
553 4.93363
554 4.91124
555 4.8975
556 4.89626
557 4.89386
558 4.89004
559 4.88971
560 4.89415
561 4.88875
562 4.8856
563 4.88864
564 4.8861
565 4.88524
566 4.88552
567 4.88566
568 4.88552
569 4.88516
570 4.88519
571 4.88494
572 4.8845
573 4.88367
574 4.88221
575 4.88121
576 4.88011
577 4.8794
578 4.87862
579 4.87732
580 4.87678
581 4.87635
582 4.87571
583 4.87583
584 4.87509
585 4.87474
586 4.87417
587 4.87365
588 4.87301
589 4.87188
590 4.87069
591 4.86829
592 4.86572
593 4.86418
594 4.86321
595 4.86299
596 4.86321
597 4.86293
598 4.86245
599 4.8629
600 4.86218
601 4.86196
602 4.86165
603 4.86119
604 4.86046
605 4.85918
606 4.85803
607 4.85574
608 4.85163
609 4.84896
610 4.84589
611 4.84184
612 4.84019
613 4.8389
614 4.83315
615 4.8352
616 4.83331
617 4.83251
618 4.83195
619 4.83025
620 4.8295
621 4.82854
622 4.82737
623 4.8255
624 4.82127
625 4.81231
626 4.81624
627 4.82933
628 4.80699
629 4.79683
630 4.79179
631 4.78384
632 4.78091
633 4.77243
634 4.76142
635 4.74362
636 4.71056
637 4.65207
638 4.63001
639 7.93429
640 4.46955
641 4.89049
642 4.66504
643 4.40942
644 4.46715
645 4.43661
646 4.40264
647 4.42968
648 4.40683
649 4.40661
650 4.39933
651 4.40454
652 4.39682
653 4.39699
654 4.39678
655 4.39648
656 4.39685
657 4.39624
658 4.39603
659 4.39559
660 4.39469
661 4.39307
662 4.38971
663 4.38494
664 4.38227
665 4.37636
666 4.3734
667 4.37114
668 4.36597
669 4.36124
670 4.35579
671 4.34964
672 4.33843
673 4.33272
674 4.32747
675 4.33237
676 4.32674
677 4.32673
678 4.32745
679 4.32345
680 4.32061
681 4.31853
682 4.31705
683 4.31627
684 4.3121
685 4.30425
686 4.28986
687 4.26265
688 4.2179
689 4.16795
690 4.12115
691 4.10546
692 4.08825
693 4.05227
694 3.97857
695 3.81551
696 3.38029
698 3.34937
699 3.35415
700 3.34949
701 3.34931
702 3.34923
703 3.34921
704 3.34919
705 3.34919
706 3.3492
707 3.34918
708 3.34918
709 3.34918
710 3.34918
711 4.77056
712 92.1929
713 45.1985
714 14.0988
715 6.50381
716 7.47268
717 5.24711
718 6.46279
719 5.70093
720 4.84414
721 4.85837
722 39.2551
723 49.8322
724 11.3666
725 16.9129
726 13.3256
727 4.72286
728 6.66886
729 5.71618
730 4.69893
731 7.04816
732 10.2749
733 5.11938
734 4.62234
735 4.61287
736 4.64471
737 4.59136
738 4.61353
739 4.64333
740 4.57928
741 4.54831
742 4.53122
743 4.53453
744 4.5082
745 4.48816
746 4.47877
747 4.45595
748 4.47694
749 4.43608
750 4.4671
751 4.6524
752 4.42876
753 4.39437
754 4.37796
755 4.46421
756 6.36861
757 4.49639
758 6.36251
759 6.42817
760 4.39366
761 4.46662
762 6.39857
763 6.81189
764 6.55912
765 4.36501
766 4.38345
767 6.38233
768 4.36763
769 4.3671
770 4.37756
771 4.36695
772 4.36291
773 4.36724
774 4.3608
775 4.35572
776 4.35502
777 4.35209
778 4.35567
779 4.35303
780 4.35042
781 4.35345
782 4.34915
783 4.3488
784 4.34828
785 4.34567
786 4.3451
787 4.35103
788 4.34755
789 4.34503
790 4.34121
791 4.34054
792 4.34149
793 4.3399
794 4.34101
795 4.34045
796 4.33898
797 4.33889
798 4.3388
799 4.33864
800 4.33868
801 4.33856
802 4.3382
803 4.33783
804 4.33801
805 4.3379
806 4.33752
807 4.3374
808 4.33724
809 4.33704
810 4.33692
811 4.3367
812 4.3366
813 4.33658
814 4.33637
815 4.33623
816 4.33624
817 4.33596
818 4.33563
819 4.33536
820 4.33484
821 4.33418
822 4.3335
823 4.33313
824 4.33264
825 4.33238
826 4.33285
827 4.33198
828 4.33213
829 4.33171
830 4.33164
831 4.33132
832 4.33106
833 4.33057
834 4.33017
835 4.32973
836 4.32932
837 4.32919
838 4.32828
839 4.32714
840 4.32524
841 4.3231
842 4.32147
843 4.32302
844 4.32108
845 4.31895
846 4.31765
847 4.31586
848 4.31404
849 4.30943
850 6.29794
851 4.30994
852 4.30879
853 4.30785
854 4.31058
855 4.30633
856 4.30728
857 4.30616
858 4.30558
859 4.30543
860 4.30557
861 4.30515
862 4.30534
863 4.30503
864 4.30506
865 4.30465
866 4.30463
867 4.30465
868 4.30447
869 4.30458
870 4.3044
871 4.30419
872 4.30442
873 4.30435
874 4.30394
875 4.30374
876 4.30347
877 4.30308
878 4.30254
879 4.30152
880 4.29967
881 4.29639
882 4.29172
883 4.28973
884 4.2831
885 4.27388
886 4.27081
887 6.23976
888 4.26661
889 4.27
890 6.24717
891 4.26813
892 4.26566
893 4.2659
894 4.26524
895 4.26557
896 4.2649
897 4.26485
898 4.26465
899 4.26479
900 4.26478
901 4.26476
902 4.26449
903 4.26441
904 4.26411
905 4.26384
906 4.26362
907 4.26339
908 4.26329
909 4.263
910 4.26283
911 4.26252
912 4.26236
913 4.26219
914 4.26206
915 4.26182
916 4.26201
917 4.26185
918 4.26172
919 4.26175
920 4.2617
921 4.26174
922 4.26158
923 4.26135
924 4.26089
925 4.26007
926 4.25861
927 4.25694
928 4.25332
929 4.25059
930 4.24794
931 4.24458
932 4.23964
933 4.22817
934 4.2202
935 4.20776
936 4.19858
937 4.18928
938 4.17805
939 4.16571
940 4.1545
941 4.141
942 6.13373
943 4.13522
944 4.13723
945 4.13723
946 6.15763
947 6.1474
948 4.1337
949 4.13265
950 4.1315
951 4.13269
952 4.13138
953 4.13132
954 4.13131
955 4.13106
956 4.13106
957 4.13103
958 4.13107
959 4.13109
960 4.13104
961 4.13099
962 4.13101
963 4.13101
964 4.13098
965 4.13098
966 4.13098
967 4.13098
968 4.13095
969 4.13095
970 4.13093
971 4.13087
972 4.13088
973 4.13088
974 4.13084
975 4.1308
976 4.13076
977 4.13074
978 4.1307
979 4.13068
980 4.13066
981 4.13063
982 4.1306
983 4.13059
984 4.13059
985 4.13054
986 4.13051
987 4.13046
988 4.13046
989 4.13042
990 4.13039
991 4.13038
992 4.13035
993 4.13031
994 4.13027
995 4.13025
996 4.13026
997 4.13021
998 4.13019
999 4.13015
1000 4.13015
1001 4.13012
1002 4.13009
1003 4.13004
1004 4.13001
1005 4.12998
1006 4.12998
1007 4.13003
1008 4.12994
1009 4.12987
1010 4.12982
1011 4.12977
1012 4.12972
1013 4.12966
1014 4.12956
1015 4.12941
1016 4.12935
1017 4.12928
1018 4.12915
1019 4.12902
1020 4.12903
1021 4.12904
1022 4.12888
1023 4.12873
1024 4.12857
1025 4.12837
1026 4.1282
1027 4.12798
1028 4.1278
1029 4.12763
1030 4.1274
1031 4.12725
1032 4.12705
1033 4.12684
1034 4.12653
1035 4.12624
1036 4.12587
1037 4.1255
1038 4.12478
1039 6.14011
1040 4.12451
1041 4.12397
1042 4.12393
1043 4.12381
1044 4.12375
1045 4.12382
1046 4.12372
1047 4.12376
1048 4.12369
1049 4.12371
1050 4.12375
1051 4.12367
1052 4.12366
1053 4.12369
1054 4.12373
1055 4.12367
1056 4.12363
1057 4.12364
1058 4.12364
1059 4.12364
1060 4.12357
1061 4.12354
1062 4.12354
1063 4.12351
1064 4.12347
1065 4.12339
1066 4.12325
1067 4.12296
1068 4.12239
1069 4.12124
1070 4.11893
1071 4.11427
1072 4.10481
1073 4.09112
1074 4.07308
1075 4.05301
1076 4.01265
1077 3.94742
1078 3.8433
1079 5.75073
1080 3.91706
1081 3.79878
1082 3.79829
1083 3.68971
1084 3.54933
1085 3.37168
1086 2.8504
1088 2.95744
1089 2.84114
1090 2.84156
1091 2.84114
1092 2.84113
1093 2.84113
1094 2.84113
1095 2.84112
1096 2.84113
1097 2.84112
1098 2.84112
1099 2.84112
1100 2.84112
1101 3.34918
1102 2.84112
1103 2.84112

