1 26.0198
2 42.5608
3 377.779
4 28.7227
5 26.0731
6 26.0503
8 26.0198
9 631.644
10 26.0067
11 26.0319
12 11.3467
13 92.6817
14 23.3707
15 26.1544
16 26.176
17 24.8106
18 26.0198
19 2068.54
20 26.0333
21 10.951
22 25.3546
23 25.3543
24 12.2485
25 9.04238
26 8.40863
27 16.5381
28 7.60644
29 7.60103
30 3.51824
31 1.67669
32 1.44085
33 2.81497
34 1.72559
35 2.36193
36 1.73512
37 1.35437
38 1.57862
39 1.25544
40 1.33083
41 1.26958
42 2.53727
43 1.26696
44 1.33007
45 1.276
46 1.31666
47 1.69609
48 1.33138
49 1.2756
50 1.34856
51 1.3401
52 1.25154
53 1.29076
54 1.25134
55 1.26212
56 1.25395
57 1.25377
58 1.25285
59 1.27899
60 1.25358
61 1.25027
62 1.24475
63 1.23944
64 1.23593
65 1.23187
66 1.2296
67 1.22476
68 1.22073
69 1.21699
70 1.21698
71 1.26434
72 1.21613
73 1.2659
74 1.2134
75 1.21295
76 1.2142
77 1.21618
78 1.26889
79 1.20932
80 1.20535
81 1.20123
82 1.1929
83 1.17805
84 1.16093
85 1.15168
86 1.12844
87 1.25984
88 1.1352
89 1.14133
90 1.19083
91 1.12736
92 1.13458
93 1.12886
94 1.17527
95 1.12518
96 1.12093
97 1.11625
98 1.10933
99 1.10206
100 1.10167
101 1.09674
102 1.08865
103 1.07539
104 1.04943
105 1.00388
106 0.955859
107 0.922719
108 0.870005
109 0.766787
110 0.826548
111 0.842445
112 0.71913
113 0.800718
114 1.00358
115 0.735612
116 0.818124
117 0.708298
118 0.702653
119 0.706558
120 0.702138
121 0.694981
122 0.688508
123 0.681096
124 0.666549
125 0.643503
126 0.620557
127 0.708044
128 0.770857
129 0.617536
130 0.634493
131 0.614987
132 0.637562
133 0.610716
134 0.643861
135 0.61505
136 0.61929
137 0.612007
138 0.603418
139 0.597555
140 0.591775
141 0.585159
142 0.584627
143 0.609112
144 0.580485
145 0.573823
146 0.567012
147 0.553971
148 0.540158
149 0.527733
150 0.5159
151 0.506826
152 0.496379
153 0.484716
154 0.478492
155 0.470084
156 0.461637
157 0.449957
158 0.4408
159 0.42837
160 0.484197
161 0.425294
162 0.429068
163 0.433541
164 0.419656
165 0.417044
166 0.415544
167 0.428864
168 0.412426
169 0.408598
170 0.403722
171 0.395129
172 0.37933
173 0.364161
174 0.351453
175 0.42815
176 0.373376
177 0.357781
178 0.367965
179 0.354146
180 0.354716
181 0.355948
182 0.362025
183 0.351054
184 0.371544
185 0.347521
186 0.343474
187 0.341524
188 0.338802
189 0.335158
190 0.328571
191 0.344161
192 0.339787
193 0.32657
194 0.337729
195 0.324955
196 0.32283
197 0.320994
198 0.319834
199 0.317392
200 0.315492
201 0.312238
202 0.306871
203 0.306697
204 0.415994
205 0.400312
206 0.330169
207 0.306634
208 0.305146
209 0.304126
210 0.317742
211 0.30503
212 0.306003
213 0.304554
214 0.30423
215 0.30344
216 0.30636
217 0.305181
218 0.304902
219 0.307016
220 0.303247
221 0.304528
222 0.303661
223 0.303228
224 0.303433
225 0.303199
226 0.303241
227 0.303371
228 0.303377
229 0.303152
230 0.30305
231 0.303226
232 0.302939
233 0.302854
234 0.302973
235 0.30302
236 0.302635
237 0.302484
238 0.302288
239 0.302127
240 0.301961
241 0.301805
242 0.301658
243 0.301534
244 0.301446
245 0.301474
246 0.301382
247 0.301319
248 0.301208
249 0.301051
250 0.300834
251 0.300666
252 0.300456
253 0.300173
254 0.299941
255 0.300341
256 0.300406
257 0.299902
258 0.300209
259 0.299804
260 0.299788
261 0.30001
262 0.299624
263 0.299289
264 0.299064
265 0.298783
266 0.29864
267 0.298351
268 0.298008
269 0.297723
270 0.297178
271 0.29614
272 0.29767
273 0.299817
274 0.294968
275 0.294224
276 0.293415
277 0.292835
278 0.292873
279 0.292931
280 0.292961
281 0.293362
282 0.293173
283 0.292952
284 0.292848
285 0.292798
286 0.29296
287 0.293718
288 0.292723
289 0.292698
290 0.292619
291 0.29252
292 0.292423
293 0.293001
294 0.292298
295 0.292175
296 0.292158
297 0.292635
298 0.292032
299 0.291931
300 0.291829
301 0.291735
302 0.29164
303 0.291517
304 0.291288
305 0.290937
306 0.290478
307 0.290121
308 0.289778
309 0.2898
310 0.290249
311 0.289595
312 0.289527
313 0.289409
314 0.289229
315 0.289016
316 0.288617
317 0.287988
318 0.287471
319 0.286747
320 0.285558
321 0.284857
322 0.289548
323 0.283394
324 0.282594
325 0.292678
326 0.282313
327 0.28292
328 0.283385
329 0.283239
330 0.282425
331 0.28265
332 0.282212
333 0.28221
334 0.282152
335 0.282119
336 0.282076
337 0.282035
338 0.282016
339 0.281992
340 0.281959
341 0.281952
342 0.281893
343 0.281859
344 0.281799
345 0.281743
346 0.281707
347 0.28163
348 0.281538
349 0.281456
350 0.28145
351 0.281532
352 0.281396
353 0.281423
354 0.281542
355 0.28139
356 0.282101
357 0.281305
358 0.281273
359 0.281303
360 0.28126
361 0.281221
362 0.281207
363 0.281213
364 0.281153
365 0.281127
366 0.281083
367 0.281029
368 0.280916
369 0.280699
370 0.280553
371 0.280559
372 0.281059
373 0.280563
374 0.280854
375 0.280608
376 0.280683
377 0.280623
378 0.280898
379 0.280491
380 0.280461
381 0.280421
382 0.280308
383 0.28012
384 0.279785
385 0.279498
386 0.279317
387 0.279462
388 0.279692
389 0.279129
390 0.279465
391 0.279621
392 0.279286
393 0.279284
394 0.279089
395 0.279099
396 0.279586
397 0.279112
398 0.27909
399 0.279105
400 0.27905
401 0.279012
402 0.278999
403 0.278978
404 0.278933
405 0.278861
406 0.278814
407 0.278692
408 0.278669
409 0.278563
410 0.278475
411 0.278443
412 0.278372
413 0.278294
414 0.278263
415 0.278164
416 0.278035
417 0.27784
418 0.278426
419 0.280347
420 0.277738
421 0.277598
422 0.277433
423 0.277278
424 0.277283
425 0.277314
426 0.277353
427 0.277277
428 0.277258
429 0.277711
430 0.277341
431 0.277398
432 0.277277
433 0.27742
434 0.277232
435 0.277252
436 0.277296
437 0.277187
438 0.277112
439 0.277
440 0.276837
441 0.276668
442 0.276575
443 0.276368
444 0.276254
445 0.276055
446 0.275923
447 0.27581
448 0.275648
449 0.275488
450 0.275425
451 0.275317
452 0.275204
453 0.275038
454 0.275017
455 0.276003
456 0.275128
457 0.274983
458 0.274963
459 0.274938
460 0.274926
461 0.274871
462 0.2748
463 0.27466
464 0.27469
465 0.276359
466 0.274635
467 0.274645
468 0.275142
469 0.27455
470 0.274472
471 0.274344
472 0.274261
473 0.27382
474 0.273284
475 0.272988
476 0.272902
477 0.276295
478 0.272643
479 0.273038
480 0.27376
481 0.272618
482 0.272845
483 0.272777
484 0.272767
485 0.272563
486 0.272614
487 0.27259
488 0.272552
489 0.272628
490 0.272669
491 0.272533
492 0.27251
493 0.272514
494 0.272528
495 0.272489
496 0.27246
497 0.272445
498 0.272428
499 0.272398
500 0.272341
501 0.272247
502 0.272428
503 0.272375
504 0.2722
505 0.272182
506 0.272152
507 0.272115
508 0.272086
509 0.272068
510 0.272122
511 0.272586
512 0.272046
513 0.272081
514 0.272056
515 0.272003
516 0.272052
517 0.272027
518 0.272096
519 0.272029
520 0.271983
521 0.271963
522 0.271963
523 0.272006
524 0.271949
525 0.271937
526 0.271919
527 0.271907
528 0.27189
529 0.271862
530 0.271816
531 0.271752
532 0.27165
533 0.271519
534 0.271471
535 0.271289
536 0.271454
537 0.271399
538 0.271215
539 0.27124
540 0.271237
541 0.2712
542 0.271232
543 0.271175
544 0.271374
545 0.271186
546 0.271256
547 0.271193
548 0.271198
549 0.271157
550 0.271158
551 0.271178
552 0.27115
553 0.271141
554 0.271148
555 0.271123
556 0.271113
557 0.271094
558 0.271083
559 0.271066
560 0.271043
561 0.271019
562 0.270994
563 0.270952
564 0.27092
565 0.270883
566 0.270868
567 0.270825
568 0.270744
569 0.270831
570 0.272893
571 0.270668
572 0.270659
573 0.270693
574 0.270607
575 0.270616
576 0.270678
577 0.270595
578 0.270611
579 0.270577
580 0.270583
581 0.270578
582 0.270593
583 0.270687
584 0.270556
585 0.270551
586 0.270549
587 0.27055
588 0.27053
589 0.270518
590 0.270502
591 0.270483
592 0.270467
593 0.270462
594 0.270443
595 0.270422
596 0.27041
597 0.270397
598 0.270389
599 0.270365
600 0.270363
601 0.270453
602 0.270337
603 0.270315
604 0.270281
605 0.270233
606 0.270196
607 0.270104
608 0.270053
609 0.269974
610 0.269925
611 0.269859
612 0.269814
613 0.269747
614 0.269687
615 0.269631
616 0.269527
617 0.26926
618 0.269025
619 0.26863
620 0.268419
621 0.268324
622 0.268718
623 0.297674
624 0.268018
625 0.267902
626 0.267722
627 0.267355
628 0.266927
629 0.266519
630 0.266749
631 0.300239
632 0.26765
633 0.267691
634 0.26651
635 0.271378
636 0.267713
637 0.271459
638 0.26614
639 0.26615
640 0.265589
641 0.265439
642 0.265257
643 0.265367
644 0.265244
645 0.265263
646 0.265241
647 0.265162
648 0.265086
649 0.264971
650 0.2649
651 0.264841
652 0.264739
653 0.264768
654 0.26472
655 0.264758
656 0.264715
657 0.264691
658 0.264657
659 0.26462
660 0.264576
661 0.264606
662 0.264582
663 0.264508
664 0.264501
665 0.264639
666 0.26447
667 0.264415
668 0.264386
669 0.26435
670 0.264327
671 0.264302
672 0.264249
673 0.26418
674 0.26412
675 0.264105
676 0.264096
677 0.264307
678 0.264031
679 0.26399
680 0.263925
681 0.26382
682 0.263756
683 0.263722
684 0.263586
685 0.263478
686 0.263557
687 0.264121
688 0.263465
689 0.263616
690 0.263421
691 0.263394
692 0.263377
693 0.263382
694 0.263583
695 0.263368
696 0.26334
697 0.263354
698 0.263439
699 0.263321
700 0.263299
701 0.263288
702 0.263272
703 0.263255
704 0.263237
705 0.263202
706 0.263169
707 0.26315
708 0.263165
709 0.263206
710 0.263101
711 0.263116
712 0.263227
713 0.263098
714 0.263204
715 0.263106
716 0.263111
717 0.26312
718 0.263091
719 0.263075
720 0.263083
721 0.263164
722 0.26308
723 0.263069
724 0.263063
725 0.263059
726 0.263059
727 0.26316
728 0.263036
729 0.26301
730 0.263004
731 0.263037
732 0.263016
733 0.262971
734 0.26295
735 0.262951
736 0.263031
737 0.262941
738 0.262935
739 0.262927
740 0.262905
741 0.26289
742 0.262897
743 0.263102
744 0.26288
745 0.262866
746 0.262857
747 0.262847
748 0.262836
749 0.262826
750 0.262767
751 0.262695
752 0.262592
753 0.262518
754 0.262419
755 0.262482
756 0.263652
757 0.262309
758 0.262287
759 0.262238
760 0.262156
761 0.262104
762 0.262076
763 0.261973
764 0.26189
765 0.261735
766 0.261549
767 0.26124
768 0.261038
769 0.368537
770 0.269935
771 0.321633
772 0.280938
773 0.267998
774 0.269326
775 0.261747
776 0.265401
777 0.260982
778 0.260769
779 0.260651
780 0.260643
781 0.260673
782 0.260693
783 0.260658
784 0.260674
785 0.260583
786 0.260558
787 0.260511
788 0.260477
789 0.260452
790 0.260449
791 0.260471
792 0.260434
793 0.260449
794 0.260432
795 0.260395
796 0.260354
797 0.26036
798 0.260361
799 0.260296
800 0.260245
801 0.2602
802 0.260178
803 0.260153
804 0.260134
805 0.260112
806 0.260087
807 0.260085
808 0.26005
809 0.260026
810 0.259978
811 0.259972
812 0.259929
813 0.259882
814 0.25988
815 0.259991
816 0.259858
817 0.259802
818 0.259747
819 0.259682
820 0.259674
821 0.259831
822 0.259735
823 0.259656
824 0.259621
825 0.259598
826 0.259602
827 0.259632
828 0.259614
829 0.259928
830 0.259582
831 0.259584
832 0.2596
833 0.259565
834 0.259524
835 0.259495
836 0.259512
837 0.259518
838 0.259473
839 0.259477
840 0.259545
841 0.259481
842 0.259509
843 0.259469
844 0.259632
845 0.259459
846 0.259464
847 0.259457
848 0.259453
849 0.259444
850 0.259445
851 0.259484
852 0.259433
853 0.259427
854 0.259428
855 0.259432
856 0.259419
857 0.259414
858 0.259414
859 0.259443
860 0.259419
861 0.259443
862 0.259396
863 0.259393
864 0.25938
865 0.259379
866 0.259421
867 0.259361
868 0.259369
869 0.2594
870 0.259348
871 0.259332
872 0.259324
873 0.259317
874 0.259309
875 0.259318
876 0.259366
877 0.259283
878 0.259275
879 0.259261
880 0.259235
881 0.259187
882 0.259078
883 0.258908
884 0.258911
885 0.260789
886 0.258947
887 0.259169
888 0.258905
889 0.258994
890 0.258873
891 0.258886
892 0.259045
893 0.258883
894 0.258861
895 0.258879
896 0.258905
897 0.258856
898 0.258846
899 0.258821
900 0.258825
901 0.258851
902 0.258807
903 0.258791
904 0.258753
905 0.2587
906 0.258658
907 0.258624
908 0.258651
909 0.258599
910 0.258534
911 0.258534
912 0.258617
913 0.258526
914 0.258505
915 0.25848
916 0.258438
917 0.365694
918 0.259444
919 0.258579
920 0.258526
921 0.258468
922 0.258464
923 0.258472
924 0.258454
925 0.258464
926 0.258431
927 0.258448
928 0.258441
929 0.258448
930 0.258412
931 0.365748
932 0.25842
933 0.258411
934 0.258421
935 0.258411
936 0.258412
937 0.365742
938 0.258408
939 0.258406
940 0.365716
941 0.365649
942 0.258407
943 0.258404
944 0.365735
945 0.258403
946 0.258403
947 0.258402
948 0.2584
949 0.258404
950 0.258404
951 0.2584
952 0.258399
953 0.258398
954 0.258393
955 0.365725
956 0.258393
957 0.258393

