-49 78.8715
-48 85.066
-47 91.8118
-46 99.1649
-45 107.187
-44 115.949
-43 125.527
-42 136.01
-41 147.494
-40 160.091
-39 173.923
-38 189.131
-37 205.873
-36 224.329
-35 244.702
-34 267.224
-33 292.159
-32 319.811
-31 350.527
-30 384.706
-29 422.81
-28 465.371
-27 513.011
-26 566.452
-25 626.54
-24 694.268
-23 770.809
-22 857.556
-21 956.167
-20 1068.63
-19 1197.34
-18 1345.22
-17 1515.81
-16 1713.51
-15 1943.79
-14 2213.48
-13 2531.31
-12 2908.46
-11 3359.52
-10 3903.82
-9 4567.49
-8 5387.1
-7 6418.32
-6 7760.2
-5 9610
-4 12311.7
-3 16204.4
-2 21048.8
-1 25427.4
0 27237.4
1 25427.4
2 21048.8
3 16204.4
4 12311.7
5 9610
6 7760.2
7 6418.32
8 5387.1
9 4567.49
10 3903.82
11 3359.52
12 2908.46
13 2531.31
14 2213.48
15 1943.79
16 1713.51
17 1515.81
18 1345.22
19 1197.34
20 1068.63
21 956.167
22 857.556
23 770.809
24 694.268
25 626.54
26 566.452
27 513.011
28 465.371
29 422.81
30 384.706
31 350.527
32 319.811
33 292.159
34 267.224
35 244.702
36 224.329
37 205.873
38 189.131
39 173.923
40 160.091
41 147.494
42 136.01
43 125.527
44 115.949
45 107.187
46 99.1649
47 91.8118
48 85.066
49 78.8715
50 73.1783

