-50 138.791
-49 148.312
-48 158.573
-47 169.64
-46 181.584
-45 194.486
-44 208.432
-43 223.521
-42 239.861
-41 257.569
-40 276.779
-39 297.638
-38 320.311
-37 344.981
-36 371.852
-35 401.155
-34 433.147
-33 468.117
-32 506.394
-31 548.345
-30 594.39
-29 645.004
-28 700.728
-27 762.18
-26 830.069
-25 905.21
-24 988.543
-23 1081.16
-22 1184.32
-21 1299.51
-20 1428.47
-19 1573.26
-18 1736.3
-17 1920.53
-16 2129.44
-15 2367.31
-14 2639.34
-13 2951.99
-12 3313.34
-11 3733.62
-10 4226.01
-9 4807.79
-8 5502.1
-7 6340.82
-6 7369.26
-5 8654.84
-4 10303.8
-3 12498.7
-2 15598.3
-1 20516.1
0 223063
1 20516.1
2 15598.3
3 12498.7
4 10303.8
5 8654.84
6 7369.26
7 6340.82
8 5502.1
9 4807.79
10 4226.01
11 3733.62
12 3313.34
13 2951.99
14 2639.34
15 2367.31
16 2129.44
17 1920.53
18 1736.3
19 1573.26
20 1428.47
21 1299.51
22 1184.32
23 1081.16
24 988.543
25 905.21
26 830.069
27 762.18
28 700.728
29 645.004
30 594.39
31 548.345
32 506.394
33 468.117
34 433.147
35 401.155
36 371.852
37 344.981
38 320.311
39 297.638
40 276.779
41 257.569
42 239.861
43 223.521
44 208.432
45 194.486
46 181.584
47 169.64
48 158.573
49 148.312
50 138.791

