1 2581.79
2 2581.79
3 2582.36
4 2582.21
5 2582.19
6 2581.79
7 2581.79
8 2581.99
9 2581.79
10 2582.37
11 2581.78
12 2581.79
13 2229.12
14 2229.12
15 2229.66
16 2229.51
17 2229.5
18 2229.12
19 2229.12
20 2229.31
21 2229.12
22 2229.63
23 2229.11
24 2229.12
25 1852.85
26 1852.85
27 1853.36
28 1853.2
29 1853.19
30 1852.85
31 1852.85
32 1853.02
33 1852.85
34 1853.27
35 1852.84
36 1852.85
37 1463.97
38 1463.97
39 1464.42
40 1464.28
41 1464.26
42 1463.97
43 1463.97
44 1464.12
45 1463.96
46 1464.31
47 1463.96
48 1463.97
49 1103.78
50 1103.78
51 1104.17
52 1104.04
53 1104.02
54 1103.78
55 1103.78
56 1103.9
57 1103.79
58 1104.03
59 1103.77
60 1103.78
61 791.532
62 791.532
63 791.86
64 791.752
65 791.727
66 791.532
67 791.532
68 791.633
69 791.531
70 791.717
71 791.53
72 791.532
73 515.177
74 515.177
75 515.422
76 515.345
77 515.317
78 515.177
79 515.177
80 515.244
81 515.186
82 515.294
83 515.176
84 515.177
85 332.012
86 332.012
87 332.177
88 332.131
89 332.102
90 332.012
91 332.012
92 332.051
93 332.011
94 332.08
95 332.011
96 332.012
97 258.571
98 258.571
99 258.688
100 258.658
101 258.633
102 258.571
103 258.571
104 258.589
105 258.624
106 258.613
107 258.57
108 258.571
109 256.091
110 256.091
111 256.202
112 256.174
113 256.15
114 256.091
115 256.091
116 256.108
117 256.071
118 256.131
119 256.09
120 256.091
121 236.771
122 236.771
123 236.87
124 236.846
125 236.823
126 236.771
127 236.771
128 236.785
129 236.732
130 236.805
131 236.77
132 236.771
133 214.588
134 214.588
135 214.675
136 214.656
137 214.634
138 214.588
139 214.588
140 214.6
141 214.565
142 214.617
143 214.587
144 214.588
145 183.889
146 183.889
147 183.946
148 183.935
149 183.917
150 183.889
151 183.889
152 183.891
153 183.887
154 183.904
155 183.888
156 183.889
157 185.818
158 185.818
159 149.603
160 149.603
161 149.612
162 149.61
163 149.604
164 149.603
165 149.603
166 149.59
167 149.554
168 149.599
169 149.603
170 149.603
171 163.721
172 163.721
173 153.2
174 155.844
175 143.628
176 143.628
177 143.633
178 143.632
179 143.627
180 143.628
181 143.628
182 143.615
183 143.621
184 143.623
185 143.628
186 143.628
187 144.794
188 144.794
189 115.431
190 115.431
191 115.474
192 115.469
193 115.452
194 115.431
195 115.431
196 115.43
197 115.472
198 115.438
199 115.431
200 115.431
201 134.695
202 134.695
203 141.852
204 118.586
205 113.374
206 113.374
207 113.417
208 113.411
209 113.394
210 113.374
211 113.374
212 113.372
213 113.371
214 113.38
215 113.374
216 113.374
217 109.235
218 109.235
219 109.217
220 109.215
221 109.215
222 109.235
223 109.235
224 109.214
225 109.252
226 109.219
227 109.235
228 109.235
231 95.7039
232 95.7039
233 95.6851
234 95.685
235 95.6831
236 95.7039
237 95.7039
238 95.6841
239 95.7362
240 95.6881
241 95.7038
242 95.7039
245 88.0312
246 88.0312
247 88.0116
248 88.0131
249 88.0098
250 88.0312
251 88.0312
252 88.0117
253 88.041
254 88.0151
255 88.0312
256 88.0313
259 80.9066
260 80.9066
261 80.8897
262 80.8923
263 80.887
264 80.9066
265 80.9066
266 80.8877
267 80.8973
268 80.8912
269 80.9066
270 80.9067
273 74.3142
274 74.3142
275 74.2988
276 74.3018
277 74.2958
278 74.3142
279 74.3142
280 74.296
281 74.3242
282 74.2994
283 74.3141
284 74.3142
287 68.8059
288 68.8059
289 68.7935
290 68.7972
291 68.7896
292 68.8059
293 68.8059
294 68.7884
295 68.7952
296 68.7919
297 68.8059
298 68.8059
301 63.8409
302 63.8409
303 63.8299
304 63.8337
305 63.8259
306 63.8409
307 63.8409
308 63.8242
309 63.853
310 63.8277
311 63.8409
312 63.8409
315 60.0049
316 60.0049
317 59.9969
318 60.0011
319 59.9918
320 60.0049
321 60.0049
322 59.9889
323 59.9928
324 59.9925
325 60.0049
326 60.0049
329 56.294
330 56.294
331 56.2872
332 56.2913
333 56.2821
334 56.294
335 56.294
336 56.2789
337 56.3073
338 56.2823
339 56.294
340 56.294
343 53.5959
344 53.5959
345 53.5919
346 53.5962
347 53.5859
348 53.5959
349 53.5959
350 53.5814
351 53.5832
352 53.585
353 53.5959
354 53.596
357 50.7733
358 50.7733
359 50.7702
360 50.7743
361 50.7643
362 50.7733
363 50.7733
364 50.7597
365 50.7871
366 50.7631
367 50.7733
368 50.7734
371 48.8373
372 48.8373
373 48.8368
374 48.841
375 48.83
376 48.8373
377 48.8373
378 48.8243
379 48.8246
380 48.8279
381 48.8374
382 48.8374
385 46.6568
386 46.6568
387 46.6569
388 46.6609
389 46.6503
390 46.6568
391 46.6568
392 46.6445
393 46.6703
394 46.648
395 46.6569
396 46.657
399 45.1993
400 45.1993
401 45.2016
402 45.2056
403 45.1942
404 45.1993
405 45.1993
406 45.1875
407 45.1873
408 45.1911
409 45.1994
410 45.1995
413 43.4803
414 43.4803
415 43.4829
416 43.4868
417 43.4757
418 43.4803
419 43.4803
420 43.4691
421 43.4919
422 43.4726
423 43.4804
424 43.4805
427 42.3058
428 42.3058
429 42.3102
430 42.314
431 42.3024
432 42.3058
433 42.3058
434 42.295
435 42.2955
436 42.2985
437 42.3059
438 42.306
441 40.9813
442 40.9813
443 40.9858
444 40.9896
445 40.9783
446 40.9813
447 40.9813
448 40.971
449 40.9888
450 40.9744
451 40.9814
452 40.9816
455 40.0258
456 40.0258
457 40.0315
458 40.0352
459 40.0236
460 40.0258
461 40.0258
462 40.0159
463 40.0204
464 40.0193
465 40.0259
466 40.0262
469 39.2442
470 39.2442
471 39.2502
472 39.2538
473 39.2423
474 39.2442
475 39.2442
476 39.2346
477 39.2462
478 39.238
479 39.2443
480 39.2447
483 38.7425
484 38.7425
485 38.7489
486 38.7525
487 38.7409
488 38.7425
489 38.7425
490 38.733
491 38.7424
492 38.7364
493 38.7426
494 38.7431
497 38.4093
498 38.4093
499 38.4159
500 38.4195
501 38.4079
502 38.4093
503 38.4093
504 38.4
505 38.4093
506 38.4033
507 38.4094
508 38.41
511 38.1853
512 38.1853
513 38.192
514 38.1956
515 38.184
516 38.1853
517 38.1853
518 38.176
519 38.1853
520 38.1794
521 38.1854
522 38.1861
525 38.0346
526 38.0346
527 38.0414
528 38.045
529 38.0334
530 38.0346
531 38.0346
532 38.0254
533 38.0346
534 38.0287
535 38.0347
536 38.0356
539 37.933
540 37.933
541 37.9399
542 37.9435
543 37.9319
544 37.933
545 37.933
546 37.9238
547 37.933
548 37.9272
549 37.9331
550 37.9342
553 37.8642
554 37.8642
555 37.8712
556 37.8748
557 37.8632
558 37.8642
559 37.8642
560 37.8551
561 37.8642
562 37.8584
563 37.8643
564 37.8658
567 37.8174
568 37.8174
569 37.8244
570 37.828
571 37.8164
572 37.8174
573 37.8174
574 37.8083
575 37.8174
576 37.8116
577 37.8175
578 37.8193
581 37.7852
582 37.7852
583 37.7922
584 37.7958
585 37.7842
586 37.7852
587 37.7852
588 37.7761
589 37.7852
590 37.7795
591 37.7853
592 37.7875
595 37.7627
596 37.7627
597 37.7698
598 37.7733
599 37.7617
600 37.7627
601 37.7627
602 37.7536
603 37.7627
604 37.757
605 37.7628
606 37.7655
609 37.7467
610 37.7467
611 37.7537
612 37.7573
613 37.7457
614 37.7467
615 37.7467
616 37.7376
617 37.7467
618 37.741
619 37.7468
620 37.7501
623 37.7349
624 37.7349
625 37.742
626 37.7455
627 37.7339
628 37.7349
629 37.7349
630 37.7258
631 37.7349
632 37.7292
633 37.735
634 37.739
637 37.7258
638 37.7258
639 37.7329
640 37.7365
641 37.7249
642 37.7258
643 37.7258
644 37.7168
645 37.7259
646 37.7201
647 37.7259
648 37.7308
651 37.7185
652 37.7185
653 37.7256
654 37.7292
655 37.7176
656 37.7185
657 37.7185
658 37.7095
659 37.7186
660 37.7128
661 37.7187
662 37.7246
665 37.7123
666 37.7123
667 37.7194
668 37.723
669 37.7114
670 37.7123
671 37.7123
672 37.7032
673 37.7124
674 37.7066
675 37.7124
676 37.7196
679 37.7067
680 37.7067
681 37.7138
682 37.7173
683 37.7057
684 37.7067
685 37.7067
686 37.6976
687 37.7067
688 37.701
689 37.7068
690 37.7154
693 37.7013
694 37.7013
695 37.7084
696 37.7119
697 37.7003
698 37.7013
699 37.7013
700 37.6922
701 37.7013
702 37.6956
703 37.7014
704 37.7118
707 37.6958
708 37.6958
709 37.7029
710 37.7065
711 37.6949
712 37.6958
713 37.6958
714 37.6868
715 37.6959
716 37.6902
717 37.696
718 37.7084
721 37.6902
722 37.6902
723 37.6973
724 37.7009
725 37.6893
726 37.6902
727 37.6902
728 37.6812
729 37.6903
730 37.6846
731 37.6904
732 37.7053
735 37.6843
736 37.6843
737 37.6914
738 37.695
739 37.6834
740 37.6843
741 37.6843
742 37.6752
743 37.6844
744 37.6786
745 37.6844
746 37.7023
749 37.6779
750 37.6779
751 37.685
752 37.6886
753 37.677
754 37.6779
755 37.6779
756 37.6689
757 37.678
758 37.6722
759 37.678
760 37.6993
933 37.1296
934 37.1296
935 37.1367
936 37.1403
937 37.1288
938 37.1296
939 37.1296
940 37.1206
941 37.1297
942 37.1241
943 37.1297
944 37.6438
999 38.8233
1000 35.0784
1192 37.7215
1193 35.1069
1194 35.1069
1195 35.1136
1196 35.1178
1197 35.1064
1198 35.1069
1199 35.1069
1200 35.0981
1201 35.1069
1202 35.1024
1203 35.1065
1204 37.6303
1238 8258.13
1239 127.903
1240 56.5672
1241 43.0876
1242 38.6783
1243 36.8337
1244 35.9492
1245 35.4888
1246 35.2374
1247 35.097
1248 35.097
1249 35.1035
1250 35.108
1251 35.0968
1252 35.097
1253 35.097
1254 35.0884
1255 35.097
1256 35.0933
1257 35.0959
1258 37.6292
1261 48.9999
1262 43.8727
1263 41.0225
1264 39.2964
1265 38.1837
1266 37.4315
1267 36.9037
1268 36.5219
1269 36.2387
1270 36.0242
1271 35.8587
1272 35.7291
1273 35.6261
1274 35.5433
1275 35.476
1276 35.4208
1277 35.3751
1278 35.337
1279 35.305
1280 35.278
1281 35.255
1282 35.2353
1283 35.2185
1284 35.2039
1285 35.1913
1286 35.1804
1287 35.1708
1288 35.1625
1289 35.1551
1290 35.1487
1291 35.143
1292 35.138
1293 35.1336
1294 35.1297
1295 35.1262
1296 35.1231
1297 35.1204
1298 35.1179
1299 35.1158
1300 35.1138
1301 35.1121
1302 35.1105
1303 35.1091
1304 35.1079
1305 35.1068
1306 35.097
1307 35.097
1308 35.1035
1309 35.108
1310 35.0968
1311 35.097
1312 35.097
1313 35.0884
1314 35.097
1315 35.0933
1316 35.0959
1317 37.6292
1534 22404.9
1535 312.502
1536 108.301
1537 66.9096
1538 52.2595
1539 45.5549
1540 41.9894
1541 39.8958
1542 38.5769
1543 37.7009
1544 37.0948
1545 36.6613
1546 36.3429
1547 36.1036
1548 35.9203
1549 35.7775
1550 35.6647
1551 35.5745
1552 35.5014
1553 35.4417
1554 35.3925
1555 35.3515
1556 35.3172
1557 35.2883
1558 35.2638
1559 35.2429
1560 35.2249
1561 35.2095
1562 35.1962
1563 35.1846
1564 35.1745
1565 35.1657
1566 35.158
1567 35.1512
1568 35.1452
1569 35.14
1570 35.1353
1571 35.1312
1572 35.1276
1573 35.1243
1574 35.1215
1575 35.1189
1576 35.1166
1577 35.1146
1578 35.1127
1579 35.1111
1580 35.1097
1581 35.1084
1582 35.1072
1583 35.1062
1584 35.097

