1 26.0552
2 26.0552
3 26.0633
4 26.0883
5 26.0599
6 26.0552
7 26.0552
8 26.0576
9 26.0552
10 26.0612
11 26.0552
12 26.0552
13 25.9954
14 25.9954
15 26.0035
16 26.0284
17 26.0001
18 25.9954
19 25.9954
20 25.9978
21 25.9954
22 26.0014
23 25.9954
24 25.9954
25 25.9356
26 25.9356
27 25.9436
28 25.9686
29 25.9403
30 25.9356
31 25.9356
32 25.938
33 25.9356
34 25.9416
35 25.9356
36 25.9356
37 25.8757
38 25.8757
39 25.8838
40 25.9087
41 25.8804
42 25.8757
43 25.8757
44 25.8781
45 25.8757
46 25.8817
47 25.8757
48 25.8757
49 25.8158
50 25.8158
51 25.8238
52 25.8487
53 25.8205
54 25.8158
55 25.8158
56 25.8182
57 25.8158
58 25.8218
59 25.8158
60 25.8158
61 25.7559
62 25.7559
63 25.7639
64 25.7888
65 25.7606
66 25.7559
67 25.7559
68 25.7582
69 25.7559
70 25.7618
71 25.7559
72 25.7559
73 25.6959
74 25.6959
75 25.7039
76 25.7287
77 25.7006
78 25.6959
79 25.6959
80 25.6983
81 25.6959
82 25.7018
83 25.6959
84 25.6959
85 25.6359
86 25.6359
87 25.6439
88 25.6687
89 25.6406
90 25.6359
91 25.6359
92 25.6383
93 25.6359
94 25.6418
95 25.6359
96 25.6359
97 25.5758
98 25.5758
99 25.5838
100 25.6086
101 25.5805
102 25.5758
103 25.5758
104 25.5782
105 25.5758
106 25.5818
107 25.5758
108 25.5758
109 25.5158
110 25.5158
111 25.5238
112 25.5485
113 25.5204
114 25.5158
115 25.5158
116 25.5181
117 25.5158
118 25.5217
119 25.5157
120 25.5158
121 25.4556
122 25.4556
123 25.4636
124 25.4883
125 25.4603
126 25.4556
127 25.4556
128 25.458
129 25.4556
130 25.4615
131 25.4556
132 25.4556
133 25.3955
134 25.3955
135 25.4035
136 25.4281
137 25.4001
138 25.3955
139 25.3955
140 25.3978
141 25.3955
142 25.4014
143 25.3955
144 25.3955
145 25.3353
146 25.3353
147 25.3433
148 25.3679
149 25.3399
150 25.3353
151 25.3353
152 25.3376
153 25.3353
154 25.3411
155 25.3353
156 25.3353
157 25.2751
158 25.2751
159 25.283
160 25.3076
161 25.2797
162 25.2751
163 25.2751
164 25.2774
165 25.2751
166 25.2809
167 25.2751
168 25.2751
169 25.2148
170 25.2148
171 25.2227
172 25.2473
173 25.2194
174 25.2148
175 25.2148
176 25.2171
177 25.2148
178 25.2206
179 25.2148
180 25.2148
181 25.1545
182 25.1545
183 25.1624
184 25.1869
185 25.1591
186 25.1545
187 25.1545
188 25.1568
189 25.1545
190 25.1603
191 25.1544
192 25.1545
193 25.0945
194 25.0945
195 25.1025
196 25.127
197 25.0991
198 25.0945
199 25.0945
200 25.0969
201 25.0945
202 25.1003
203 25.0945
204 25.0945
205 25.0344
206 25.0344
207 25.0423
208 25.0668
209 25.039
210 25.0344
211 25.0344
212 25.0368
213 25.0344
214 25.0402
215 25.0344
216 25.0344
217 24.9716
218 24.9716
219 24.9795
220 25.004
221 24.9762
222 24.9716
223 24.9716
224 24.974
225 24.9716
226 24.9774
227 24.9716
228 24.9716
229 24.9173
230 24.9173
231 24.9252
232 24.9496
233 24.9219
234 24.9173
235 24.9173
236 24.9196
237 24.9173
238 24.9231
239 24.9173
240 24.9173
241 24.8479
242 24.8479
243 24.8558
244 24.8802
245 24.8525
246 24.8479
247 24.8479
248 24.8503
249 24.8479
250 24.8537
251 24.8479
252 24.8479
253 24.7927
254 24.7927
255 24.8006
256 24.825
257 24.7973
258 24.7927
259 24.7927
260 24.7951
261 24.7927
262 24.7985
263 24.7927
264 24.7927
265 24.9829
267 24.7927
268 24.7927
269 24.8006
270 24.825
271 24.7973
272 24.7927
273 24.7927
274 24.7951
275 24.7927
276 24.7985
277 24.7927
278 24.7927
279 24.7322
280 24.7322
281 24.7401
282 24.7644
283 24.7368
284 24.7322
285 24.7322
286 24.7345
287 24.7322
288 24.7379
289 24.7322
290 24.7322
291 24.6716
292 24.6716
293 24.6795
294 24.7037
295 24.6762
296 24.6716
297 24.6716
298 24.6739
299 24.6716
300 24.6773
301 24.6716
302 24.6716
303 24.611
304 24.611
305 24.6188
306 24.6431
307 24.6155
308 24.611
309 24.611
310 24.6133
311 24.611
312 24.6166
313 24.6109
314 24.611
315 24.5503
316 24.5503
317 24.5581
318 24.5823
319 24.5548
320 24.5503
321 24.5503
322 24.5526
323 24.5503
324 24.556
325 24.5503
326 24.5503
327 24.4896
328 24.4896
329 24.4974
330 24.5216
331 24.4941
332 24.4896
333 24.4896
334 24.4919
335 24.4896
336 24.4952
337 24.4896
338 24.4896
339 24.4288
340 24.4288
341 24.4367
342 24.4608
343 24.4334
344 24.4288
345 24.4288
346 24.4311
347 24.4288
348 24.4345
349 24.4288
350 24.4288
351 24.3681
352 24.3681
353 24.3759
354 24.4
355 24.3726
356 24.3681
357 24.3681
358 24.3704
359 24.3681
360 24.3737
361 24.368
362 24.3681
363 24.3072
364 24.3072
365 24.315
366 24.3391
367 24.3118
368 24.3072
369 24.3072
370 24.3095
371 24.3072
372 24.3129
373 24.3072
374 24.3072
375 24.2464
376 24.2464
377 24.2542
378 24.2782
379 24.2509
380 24.2464
381 24.2464
382 24.2487
383 24.2464
384 24.252
385 24.2464
386 24.2464
387 24.1855
388 24.1855
389 24.1933
390 24.2173
391 24.19
392 24.1855
393 24.1855
394 24.1878
395 24.1855
396 24.1911
397 24.1855
398 24.1855
399 24.1246
400 24.1246
401 24.1323
402 24.1563
403 24.1291
404 24.1246
405 24.1246
406 24.1269
407 24.1246
408 24.1301
409 24.1245
410 24.1246
411 24.0636
412 24.0636
413 24.0714
414 24.0953
415 24.0681
416 24.0636
417 24.0636
418 24.0659
419 24.0636
420 24.0692
421 24.0636
422 24.0636
423 24.0026
424 24.0026
425 24.0103
426 24.0343
427 24.0071
428 24.0026
429 24.0026
430 24.0049
431 24.0026
432 24.0081
433 24.0026
434 24.0026
435 23.9416
436 23.9416
437 23.9493
438 23.9732
439 23.946
440 23.9416
441 23.9416
442 23.9438
443 23.9416
444 23.9471
445 23.9415
446 23.9416
447 23.8806
448 23.8806
449 23.8883
450 23.9121
451 23.885
452 23.8806
453 23.8806
454 23.8828
455 23.8805
456 23.8861
457 23.8805
458 23.8806
459 23.8196
460 23.8196
461 23.8274
462 23.8512
463 23.8241
464 23.8196
465 23.8196
466 23.8219
467 23.8196
468 23.8251
469 23.8196
470 23.8196
471 23.7599
472 23.7599
473 23.7676
474 23.7914
475 23.7643
476 23.7599
477 23.7599
478 23.7621
479 23.7599
480 23.7654
481 23.7599
482 23.7599
483 23.7032
484 23.7032
485 23.7109
486 23.7347
487 23.7076
488 23.7032
489 23.7032
490 23.7055
491 23.7032
492 23.7087
493 23.7032
494 23.7032
495 23.6405
496 23.6405
497 23.6482
498 23.6719
499 23.6449
500 23.6405
501 23.6405
502 23.6427
503 23.6405
504 23.6459
505 23.6404
506 23.6405
507 23.568
508 23.568
509 23.5757
510 23.5994
511 23.5724
512 23.568
513 23.568
514 23.5703
515 23.568
516 23.5735
517 23.568
518 23.568
519 23.5675
520 23.5675
521 23.5675
522 23.5752
523 23.5988
524 23.5719
525 23.5675
526 23.5675
527 23.5697
528 23.5675
529 23.5729
530 23.5674
531 23.5675
532 23.5398
533 23.5398
534 23.5475
535 23.5712
536 23.5442
537 23.5398
538 23.5398
539 23.5421
540 23.5398
541 23.5453
542 23.5398
543 23.5398
544 23.488
545 23.488
546 23.4957
547 23.5193
548 23.4924
549 23.488
550 23.488
551 23.4903
552 23.488
553 23.4934
554 23.488
555 23.488
556 23.9377
558 23.488

