1 2014.1
2 2014.1
3 2015.01
4 2014.44
5 2014.53
6 2014.1
7 2014.1
8 2014.3
9 2014.1
10 2014.56
11 2014.09
12 2014.1
13 888.806
14 888.806
15 889.354
16 889.026
17 889.045
18 888.806
19 888.806
20 888.921
21 888.806
22 889.025
23 888.806
24 888.806
25 332.349
26 332.349
27 332.632
28 332.479
29 332.464
30 332.349
31 332.349
32 332.408
33 332.348
34 332.438
35 332.349
36 332.349
37 125.429
38 125.429
39 125.564
40 125.502
41 125.481
42 125.429
43 125.429
44 125.453
45 125.432
46 125.463
47 125.43
48 125.429
49 60.1277
50 60.1277
51 60.1941
52 60.1693
53 60.1507
54 60.1277
55 60.1277
56 60.136
57 60.1273
58 60.1393
59 60.1281
60 60.1277
61 38.3929
62 38.3929
63 38.4168
64 38.4118
65 38.399
66 38.3929
67 38.3929
68 38.3922
69 38.3928
70 38.393
71 38.3933
72 38.3929
73 77.8032
74 77.8032
75 34.3883
76 34.3883
77 34.3929
78 34.3954
79 34.3869
80 34.3883
81 34.3883
82 34.3847
83 34.3873
84 34.3838
85 34.3887
86 34.3883
87 29.7974
88 29.7974
89 29.816
90 29.8127
91 29.8016
92 29.7974
93 29.7974
94 29.7976
95 29.8043
96 29.7964
97 29.7979
98 29.7974
101 27.0051
102 27.0051
103 27.0213
104 27.0192
105 27.0083
106 27.0051
107 27.0051
108 27.0062
109 27.0102
110 27.0033
111 27.0056
112 27.0051
115 25.5057
116 25.5057
117 25.5197
118 25.5188
119 25.5079
120 25.5057
121 25.5057
122 25.5068
123 25.5052
124 25.5033
125 25.5061
126 25.5057
129 24.7801
130 24.7801
131 24.7837
132 24.7864
133 24.7783
134 24.7801
135 24.7801
136 24.779
137 24.7834
138 24.7754
139 24.7806
140 24.7801
143 24.845
144 24.1741
145 24.1741
146 24.1783
147 24.1809
148 24.1725
149 24.1741
150 24.1741
151 24.1732
152 24.1735
153 24.1695
154 24.1746
155 24.1741
158 25.8814
159 24.1135
160 24.1135
161 24.1213
162 24.1221
163 24.1134
164 24.1135
165 24.1135
166 24.1131
167 24.1177
168 24.1098
169 24.114
170 24.1135
173 23.4828
174 23.4828
175 23.4903
176 23.4914
177 23.4825
178 23.4828
179 23.4828
180 23.4825
181 23.4804
182 23.479
183 23.4832
184 23.4828
187 24.8567
188 23.2864
189 23.2864
190 23.2935
191 23.2946
192 23.286
193 23.2864
194 23.2864
195 23.2861
196 23.2888
197 23.2826
198 23.2869
199 23.2864
202 24.6865
203 23.1302
204 23.1302
205 23.1373
206 23.1385
207 23.1299
208 23.1302
209 23.1302
210 23.1299
211 23.1278
212 23.1264
213 23.1307
214 23.1302
217 24.4224
218 22.916
219 22.916
220 22.9228
221 22.924
222 22.9156
223 22.916
224 22.916
225 22.9157
226 22.9183
227 22.9121
228 22.9165
229 22.916
232 24.4514
233 22.8147
234 22.8147
235 22.8216
236 22.8228
237 22.8143
238 22.8147
239 22.8147
240 22.8143
241 22.8121
242 22.8108
243 22.8152
244 22.8147
247 23.7616
248 22.5004
249 22.5004
250 22.507
251 22.5082
252 22.4999
253 22.5004
254 22.5004
255 22.5001
256 22.5022
257 22.4965
258 22.5009
259 22.5004
262 24.7927
263 22.6921
264 22.268
265 22.268
266 22.2746
267 22.2758
268 22.2675
269 22.268
270 22.268
271 22.2677
272 22.2675
273 22.2641
274 22.2685
275 22.268
278 23.7073
279 22.2533
280 22.2533
281 22.2598
282 22.2606
283 22.2529
284 22.2533
285 22.2533
286 22.2526
287 22.2577
288 22.2495
289 22.2537
290 22.2533
293 21.3833
294 21.3833
295 21.3897
296 21.3907
297 21.3828
298 21.3833
299 21.3833
300 21.383
301 21.3819
302 21.3795
303 21.3838
304 21.3833
307 24.1756
308 21.7965
309 21.1999
310 21.1999
311 21.2062
312 21.2071
313 21.1993
314 21.1999
315 21.1999
316 21.1996
317 21.2004
318 21.196
319 21.2003
320 21.1999
323 23.0686
324 21.3747
325 20.9998
326 20.9998
327 21.0062
328 21.0071
329 20.9993
330 20.9998
331 20.9998
332 20.9995
333 20.9983
334 20.996
335 21.0003
336 20.9999
339 23.5215
340 21.2975
341 20.8029
342 20.8029
343 20.8091
344 20.81
345 20.8024
346 20.8029
347 20.8029
348 20.8026
349 20.8034
350 20.7991
351 20.8034
352 20.8029
355 22.3503
356 20.8693
357 20.588
358 20.588
359 20.5943
360 20.5951
361 20.5875
362 20.588
363 20.588
364 20.5877
365 20.5863
366 20.5842
367 20.5884
368 20.588
371 22.7902
372 20.7654
373 20.3745
374 20.3745
375 20.3806
376 20.3814
377 20.3739
378 20.3745
379 20.3745
380 20.3742
381 20.375
382 20.3707
383 20.375
384 20.3745
387 21.6404
388 20.353
389 20.353
390 20.3594
391 20.3598
392 20.3526
393 20.353
394 20.353
395 20.3524
396 20.3493
397 20.3494
398 20.3535
399 20.353
402 19.6451
403 19.6451
404 19.6511
405 19.6516
406 19.6446
407 19.6451
408 19.6451
409 19.6448
410 19.6468
411 19.6414
412 19.6456
413 19.6451
416 21.5833
417 19.7777
418 19.4428
419 19.4428
420 19.4488
421 19.4493
422 19.4423
423 19.4428
424 19.4428
425 19.4426
426 19.4423
427 19.4391
428 19.4433
429 19.4428
432 20.4812
433 19.3698
434 19.3698
435 19.3758
436 19.376
437 19.3694
438 19.3698
439 19.3698
440 19.3693
441 19.3735
442 19.3663
443 19.3703
444 19.3698
447 18.8687
448 18.8687
449 18.8746
450 18.8749
451 18.8682
452 18.8687
453 18.8687
454 18.8684
455 18.8666
456 18.8651
457 18.8692
458 18.8687
461 19.9107
462 18.7096
463 18.7096
464 18.7153
465 18.7156
466 18.7091
467 18.7096
468 18.7096
469 18.7093
470 18.7117
471 18.706
472 18.7101
473 18.7096
476 19.8274
477 18.5993
478 18.5993
479 18.6051
480 18.6054
481 18.5988
482 18.5993
483 18.5993
484 18.599
485 18.5972
486 18.5957
487 18.5998
488 18.5993
491 19.473
492 18.407
493 18.407
494 18.4127
495 18.4129
496 18.4065
497 18.407
498 18.407
499 18.4067
500 18.4088
501 18.4034
502 18.4075
503 18.407
506 19.6489
507 18.3663
508 18.3663
509 18.372
510 18.3722
511 18.3658
512 18.3663
513 18.3663
514 18.3659
515 18.3639
516 18.3627
517 18.3667
518 18.3663
521 18.8356
522 18.071
523 18.071
524 18.0766
525 18.0768
526 18.0705
527 18.071
528 18.071
529 18.0708
530 18.0722
531 18.0674
532 18.0715
533 18.0711
536 19.45
537 18.1569
538 17.9316
539 17.9316
540 17.9372
541 17.9374
542 17.9311
543 17.9316
544 17.9316
545 17.9314
546 17.931
547 17.928
548 17.9321
549 17.9317
552 18.5782
553 17.8659
554 17.8659
555 17.8714
556 17.8714
557 17.8654
558 17.8659
559 17.8659
560 17.8656
561 17.8685
562 17.8624
563 17.8664
564 17.866
567 18.0532
568 17.529
569 17.529
570 17.5345
571 17.5345
572 17.5284
573 17.529
574 17.529
575 17.5288
576 17.5283
577 17.5254
578 17.5295
579 17.529
582 17.933
583 17.4352
584 17.4352
585 17.4407
586 17.4406
587 17.4347
588 17.4352
589 17.4352
590 17.435
591 17.4373
592 17.4317
593 17.4357
594 17.4353
597 17.836
598 17.2186
599 17.2186
600 17.224
601 17.224
602 17.218
603 17.2186
604 17.2186
605 17.2183
606 17.2174
607 17.2151
608 17.2191
609 17.2186
612 17.72
613 17.1345
614 17.1345
615 17.1399
616 17.1398
617 17.134
618 17.1345
619 17.1345
620 17.1343
621 17.1363
622 17.1311
623 17.135
624 17.1346
627 17.45
628 16.9631
629 16.9631
630 16.9685
631 16.9684
632 16.9626
633 16.9631
634 16.9631
635 16.9629
636 16.962
637 16.9596
638 16.9636
639 16.9632
642 17.1492
643 16.8436
644 16.8436
645 16.8489
646 16.8488
647 16.8431
648 16.8436
649 16.8436
650 16.8434
651 16.8448
652 16.8402
653 16.8441
654 16.8437
657 16.9303
658 16.7174
659 16.7174
660 16.7227
661 16.7225
662 16.7169
663 16.7174
664 16.7174
665 16.7172
666 16.7165
667 16.7139
668 16.7179
669 16.7175
672 16.6669
673 16.6669
674 16.6721
675 16.6718
676 16.6664
677 16.6669
678 16.6669
679 16.6666
680 16.669
681 16.6635
682 16.6674
683 16.667
686 16.4767
687 16.4767
688 16.482
689 16.4817
690 16.4763
691 16.4767
692 16.4767
693 16.4765
694 16.4753
695 16.4733
696 16.4772
697 16.4769
700 16.3243
701 16.3243
702 16.3295
703 16.3292
704 16.3238
705 16.3243
706 16.3243
707 16.3242
708 16.3251
709 16.3209
710 16.3248
711 16.3245
714 16.2347
715 16.2347
716 16.2398
717 16.2395
718 16.2342
719 16.2347
720 16.2347
721 16.2345
722 16.2345
723 16.2313
724 16.2352
725 16.2349
728 16.1871
729 16.1871
730 16.1922
731 16.1919
732 16.1866
733 16.1871
734 16.1871
735 16.1869
736 16.1871
737 16.1837
738 16.1876
739 16.1874
742 16.1556
743 16.1556
744 16.1607
745 16.1604
746 16.1551
747 16.1556
748 16.1556
749 16.1555
750 16.1556
751 16.1522
752 16.1561
753 16.156
756 16.1343
757 16.1343
758 16.1395
759 16.1391
760 16.1338
761 16.1343
762 16.1343
763 16.1342
764 16.1343
765 16.1309
766 16.1349
767 16.1348
770 16.1198
771 16.1198
772 16.1249
773 16.1246
774 16.1193
775 16.1198
776 16.1198
777 16.1196
778 16.1198
779 16.1164
780 16.1203
781 16.1203
784 16.1096
785 16.1096
786 16.1147
787 16.1144
788 16.1091
789 16.1096
790 16.1096
791 16.1094
792 16.1096
793 16.1062
794 16.1101
795 16.1102
798 16.1023
799 16.1023
800 16.1074
801 16.107
802 16.1017
803 16.1023
804 16.1023
805 16.1021
806 16.1023
807 16.0989
808 16.1028
809 16.103
812 16.0968
813 16.0968
814 16.1019
815 16.1015
816 16.0962
817 16.0968
818 16.0968
819 16.0966
820 16.0968
821 16.0934
822 16.0973
823 16.0977
826 16.0924
827 16.0924
828 16.0975
829 16.0972
830 16.0919
831 16.0924
832 16.0924
833 16.0922
834 16.0924
835 16.089
836 16.0929
837 16.0936
840 16.0887
841 16.0887
842 16.0938
843 16.0935
844 16.0882
845 16.0887
846 16.0887
847 16.0885
848 16.0887
849 16.0853
850 16.0892
851 16.0902
854 16.0854
855 16.0854
856 16.0905
857 16.0902
858 16.0849
859 16.0854
860 16.0854
861 16.0852
862 16.0854
863 16.082
864 16.0859
865 16.0872
868 16.0822
869 16.0822
870 16.0873
871 16.087
872 16.0817
873 16.0822
874 16.0822
875 16.082
876 16.0822
877 16.0788
878 16.0827
879 16.0844
882 16.079
883 16.079
884 16.0841
885 16.0838
886 16.0785
887 16.079
888 16.079
889 16.0788
890 16.079
891 16.0756
892 16.0795
893 16.0817
896 16.0757
897 16.0757
898 16.0808
899 16.0805
900 16.0752
901 16.0757
902 16.0757
903 16.0755
904 16.0757
905 16.0723
906 16.0762
907 16.079
910 16.0722
911 16.0722
912 16.0773
913 16.0769
914 16.0717
915 16.0722
916 16.0722
917 16.072
918 16.0722
919 16.0688
920 16.0727
921 16.0761
924 16.0683
925 16.0683
926 16.0734
927 16.0731
928 16.0678
929 16.0683
930 16.0683
931 16.0682
932 16.0683
933 16.0649
934 16.0688
935 16.0732
1095 8.58338
1096 8.58338
1097 8.58865
1098 8.58837
1099 8.58352
1100 8.58338
1101 8.58338
1102 8.58356
1103 8.58338
1104 8.58117
1105 8.58338
1106 15.8706
1226 33542.6
1227 156.859
1228 34.7683
1229 14.8211
1230 9.22852
1231 7.33239
1442 653.766
1443 67.2737
1444 21.7317
1445 11.3444
1446 8.06872
1447 8.06872
1448 8.07425
1449 8.07404
1450 8.06991
1451 8.06872
1452 8.06872
1453 8.06947
1454 8.06873
1455 8.06843
1456 8.06595
1457 15.8672
1465 11639.1
1466 848.41
1467 278.426
1468 136.486
1469 81.3875
1470 54.6895
1471 39.8895
1472 30.9053
1473 25.0819
1474 21.1152
1475 18.3061
1476 16.2532
1477 14.7139
1478 13.5343
1479 12.6137
1480 11.8838
1481 11.2971
1482 10.8198
1483 10.4275
1484 10.102
1485 9.82964
1486 9.60011
1487 9.4054
1488 9.23924
1489 9.09669
1490 8.97382
1491 8.86746
1492 8.77504
1493 8.69445
1494 8.62395
1495 8.56211
1496 8.50774
1497 8.4598
1498 8.41747
1499 8.38001
1500 8.34681
1501 8.31733
1502 8.29113
1503 8.26781
1504 8.24704
1505 8.22851
1506 8.21197
1507 8.19719
1508 8.18398
1509 8.17216
1510 8.16157
1511 8.1521
1512 8.06872
1513 8.06872
1514 8.07425
1515 8.07404
1516 8.06991
1517 8.06872
1518 8.06872
1519 8.06947
1520 8.06873
1521 8.06843
1522 8.06595
1523 15.8672
1746 8783.79
1747 781.357
1748 265.345
1749 131.981
1750 79.3544
1751 53.6146
1752 39.2586
1753 30.5065
1754 24.8156
1755 20.9296
1756 18.1721
1757 16.1539
1758 14.6384
1759 13.4759
1760 12.5677
1761 11.847
1762 11.2673
1763 10.7955
1764 10.4074
1765 10.0852
1766 9.81555
1767 9.5882
1768 9.39526
1769 9.23056
1770 9.08922
1771 8.96737
1772 8.86187
1773 8.77017
1774 8.69019
1775 8.62022
1776 8.55884
1777 8.50485
1778 8.45726
1779 8.41522
1780 8.37802
1781 8.34504
1782 8.31576
1783 8.28974
1784 8.26657
1785 8.24593
1786 8.22752
1787 8.21108
1788 8.1964
1789 8.18327
1790 8.17152
1791 8.16101
1792 8.15159
1793 8.06872

