1 2921.73
2 5378.66
3 2944.15
4 3406.38
5 2922.79
6 2924.14
8 2921.73
9 2927.64
10 2915.61
11 2921.73
12 2678.75
13 1946.3
14 1046.78
15 158.429
16 1617.31
17 1712.3
18 1515.68
19 1287.13
20 1035.59
21 775.009
22 518.765
23 296.937
24 141.665
25 125.62
26 50.2524
28 63.2849
29 49.1584
30 130.025
31 54.6219
32 76.569
33 97.5483
34 114.305
35 125.483
36 129.273
37 209.322
38 31.0904
39 222.304
40 94.9028
41 43.8718
42 148.284
43 85.9618
44 81.97
45 75.38
46 246.551
47 54.1307
48 223.584
49 48.6869
50 70.6844
51 46.8803
52 79.2417
53 32.8156
54 113.79
55 42.5362
56 47.2898
57 22.8321
59 45.5864
60 58.9755
61 26.6761
63 31.837
64 48.1945
65 28.0328
66 119.289
67 28.9863
68 40.3573
69 51.9738
70 26.1429
71 82.6911
72 29.1839
73 41.8159
74 27.1693
75 65.7687
76 26.4973
77 26.0925
78 23.5096
79 28.8284
80 33.0049
81 24.037
82 31.8823
83 23.8831
84 32.9116
85 23.7771
86 26.6355
87 28.9036
88 22.9433
89 33.5999
90 22.172
91 25.6573
92 26.8353
93 23.2406
94 27.3371
95 22.8934
96 24.9222
97 24.0759
98 28.1675
99 22.2025
100 24.9537
101 22.5749
102 24.0067
103 22.4981
104 24.3811
105 22.4789
106 23.2188
107 25.8021
108 22.2042
109 24.5005
110 22.2093
111 23.4389
112 22.2763
113 21.6109
114 21.8156
115 21.8882
116 21.4822
117 22.0135
118 22.862
119 21.9092
120 21.8592
121 21.2425
122 21.5118
123 21.8514
124 20.9246
125 20.6472
126 21.1565
127 21.7585
128 22.7943
129 21.3457
130 20.4291
131 19.7898
132 20.7178
133 20.3828
134 20.7376
135 22.3418
136 20.9024
137 20.2411
138 19.99
139 19.32
140 18.4009
141 19.1451
142 19.2242
143 19.7639
144 18.9647
145 18.9874
146 18.7452
147 17.9213
148 16.982
149 17.8414
150 17.2356
151 17.2643
152 17.4339
153 16.794
154 16.1508
155 16.471
156 16.5556
157 15.6988
158 15.0316
159 15.2434
160 14.471
161 13.2511
162 14.7092
163 14.8587
164 14.5855
165 13.5149
166 13.3563
167 12.7518
169 14.1734
170 12.6725
171 12.9021
172 14.4613
173 13.1154
174 13.7971
175 12.9109
176 12.7057
178 13.3392
180 13.3256
181 13.3324
183 13.0209
184 12.6875
186 12.9175
187 13.5857
188 12.7868
190 12.9007
191 15.4805
192 12.7739
193 12.7924
194 12.4277
197 12.6891
198 13.4559
199 12.5567
201 12.6616
202 12.8608
203 12.5707
204 12.5256
205 12.72
206 13.5973
207 12.4725
208 12.7236
209 12.5506
210 12.9218
211 12.518
212 12.3682
214 12.3974
215 12.5006
217 12.5126
218 12.7892
219 12.4376
220 12.3427
222 12.3463
223 12.3584
224 12.2957
225 12.3264
227 12.4175
228 12.5939
229 12.3697
230 12.414
232 12.3738
233 12.329
235 12.3645
236 12.481
237 12.3351
238 12.3432
239 12.2598
241 12.3262
242 12.3674
243 12.3175
244 12.2504
246 12.2398
247 12.2227
248 12.297
249 12.2712
250 12.2613
251 12.3083
253 12.2833
254 12.2289
255 12.1589
256 12.0887
257 12.2991
258 12.2375
259 12.3516
260 12.2331
262 12.2487
264 12.245
265 12.1873
266 12.2508
267 12.1449
268 12.2397
269 12.1826
270 12.1457
271 12.124
272 12.2429
273 12.1854
274 12.0892
275 12.1306
276 12.0972
277 12.0527
278 12.0044
279 12.0573
280 12.0271
282 12.1263
283 12.01
284 11.9964
285 11.9533
286 12.0042
287 11.9344
289 11.9098
290 11.8282
291 11.9435
292 11.8415
293 11.8013
294 11.6746
295 11.7731
296 11.8168
297 11.7099
298 11.68
299 11.6651
300 11.6122
301 11.7035
302 11.5221
303 11.3351
304 13.5855
305 11.791
306 11.5052
307 11.4414
308 11.4157
309 13.44
310 11.6688
311 13.504
312 11.6497
313 13.4536
314 11.6232
316 11.6001
317 11.4178
319 11.5874
320 13.437
321 11.5811
322 13.4612
323 11.567
324 11.3546
325 11.5694
326 11.3407
328 11.5083
329 11.2745
330 13.204
332 11.4588
333 13.2968
334 11.4792
335 11.2742
337 11.2742
339 13.2761
340 11.4121
342 11.3947
343 11.2562
344 13.2252
345 11.3155
346 11.2362
347 11.184
348 13.2165
349 11.3478
350 13.2251
351 11.3377
352 11.2826
353 11.2127
354 13.2494
355 11.2986
356 13.2184
357 11.297
358 13.2215
359 11.2947
360 11.2547
361 11.2089
362 11.1856
363 11.1676
364 13.1936
365 13.3333
366 11.2432
367 11.1753
368 11.1742
369 11.1917
370 11.1545
371 11.1468
372 13.1708
373 11.2101
374 13.2164
375 11.206
376 11.1835
377 11.1434
378 11.1263
379 11.1324
380 11.1255
381 11.1183
382 11.1043
384 11.1372
385 11.0977
387 11.0913
389 11.1024
390 11.0874
391 11.1107
392 11.1732
393 11.1198
394 13.1205
395 11.1224
396 13.1351
397 11.1168
398 13.138
399 11.1148
400 11.0832
401 11.0833
402 11.0644
403 13.1068
404 11.091
405 11.0797
406 11.047
408 11.0366
410 11.0953
412 11.0834
413 11.0369
414 11.0864
415 11.0793
416 11.0541
417 11.0532
418 11.0638
419 11.0216
421 11.0214
423 13.128
424 11.0561
425 11.0685
426 11.0449
428 11.0501
429 11.0804
430 11.0424
431 11.0169
432 13.0804
433 11.0328
434 13.1142
435 11.0392
436 11.0117
438 11.0073
439 10.9894
440 11.0198
441 10.9993
442 11.0024
444 11.0231
445 10.9836
446 10.9574
447 10.9825
448 10.9763
449 10.9793
450 10.9709
451 10.9678
452 10.9502
454 10.9366
455 10.9004
456 10.9363
457 10.9195
458 10.9125
459 10.9185
460 10.9035
461 10.8869
462 10.8477
463 10.8815
464 10.8644
465 10.8417
466 10.7855
467 10.8187
468 10.8234
469 10.8045
470 10.7927
471 10.7686
472 10.7052
473 12.8453
474 10.8582
475 10.7294
476 10.7515
477 10.7129
478 10.6962
479 10.6283
480 10.6535
481 10.6483
482 10.6268
483 10.5516
484 10.5868
485 10.5768
486 10.5219
487 10.4096
488 10.4899
489 10.466
490 10.4513
491 10.3798
492 10.2334
493 10.3804
494 10.3881
495 10.2735
496 10.2759
497 10.2082
498 10.0557
499 10.1323
500 10.2255
501 10.1254
502 10.0579
503 10.0629
504 9.96237
505 9.76883
506 9.87675
507 9.89757
508 9.85609
509 9.88321
510 9.71058
511 9.48586
512 9.71302
513 9.60403
514 9.58095
515 9.49364
516 9.42639
517 9.25574
518 9.39028
519 9.32934
520 9.21684
521 8.99331
522 9.05655
523 9.15638
524 8.94487
525 8.76878
526 8.88885
527 9.89772
528 9.33234
529 8.88115
530 25.2098
531 9.23445
532 8.82181
533 11.2008
534 9.13908
535 65.301
536 9.12083
537 8.77598
538 11.5384
539 9.05542
540 8.81199
541 8.69955
542 12.1865
543 9.8711
544 8.96178
545 9.03994
546 10.1588
547 8.90292
548 9.02461
549 8.906
550 8.66304
551 8.59598
552 8.67043
553 8.63603
554 8.72536
555 8.50205
556 8.44671
557 8.56256
558 8.53845
559 12.3968
560 8.67785
561 9.57452
562 8.65282
563 8.55223
564 8.66443
565 8.67461
566 8.41757
567 8.26545
568 8.64098
569 8.67803
570 8.50652
571 8.82248
572 8.58229
573 8.31019
574 8.68009
575 8.46831
576 8.69261
577 8.47498
578 8.34748
579 8.365
580 8.31127
581 9.19822
582 8.46078
583 9.0433
584 8.44826
585 10.8001
586 8.42184
587 8.27378
588 8.27935
589 11.107
590 8.38872
591 8.3584
592 8.39665
593 10.9579
594 8.33481
595 8.43588
596 8.25443
597 8.50508
598 8.3196
599 8.29331
600 8.38646
601 8.26014
602 8.21856
603 10.6758
604 10.7415
605 8.28957
606 8.1796
607 10.7895
608 8.40109
609 8.24115
610 10.7645
611 8.27246
612 8.25756
613 8.17529
614 10.7797
615 8.2579
616 8.23423
617 8.23251
618 8.37638
619 8.22271
620 8.15334
621 8.10772
622 8.16953
623 8.14038
624 10.6703
625 8.20506
626 10.689
627 8.2023
628 8.20205
629 8.26297
630 8.17228
631 8.10636
632 8.04858
633 8.19287
634 10.6611
635 8.17172
636 10.6752
637 8.17027
638 8.22759
639 8.15992
640 8.20439
641 8.14765
642 8.10136
643 8.09878
644 8.10438
645 8.07745
646 8.05588
647 8.03732
648 7.98809
649 8.01722
650 8.04179
651 7.98194
652 7.92394
653 7.97061
654 7.96225
655 7.9215
656 7.84101
657 7.86448
658 7.87162
659 7.87172
660 7.8429
661 7.92573
662 7.76779
663 7.65793
664 7.72697
665 7.83278
666 7.69247
667 7.80488
668 7.65248
669 7.53821
670 7.63326
671 7.59228
672 7.60716
673 7.50742
674 7.39023
675 7.51799
676 7.4737
677 7.58701
678 7.36722
679 7.25046
680 7.27074
681 7.2431
682 7.087
683 7.32139
684 7.08014
685 9.58636
686 7.30919
687 7.19183
688 7.19716
689 6.84162
690 9.15745
691 8.01469
692 7.24966
693 6.88092
694 6.98914
695 7.27226
696 7.1233
697 6.80083
698 6.57573
699 9.31164
700 7.10476
701 6.74334
702 7.20174
703 6.97503
704 6.9647
705 7.03876
706 6.68066
707 6.53361
708 6.27618
709 6.40978
710 6.70157
711 7.04112
712 6.78791
713 6.28552
714 6.55832
715 8.98602
716 6.70689
717 6.19673
719 6.19574
721 6.10435
722 5.87764
723 5.90992
725 6.44861
727 6.43703
729 6.39105
730 6.56496
731 6.33324
732 6.0678
734 6.29447
735 8.71994
736 6.26353
738 6.25987
739 6.17748
740 5.90608
741 5.99042
743 6.15854
745 6.142
747 6.13136
748 8.79811
749 6.09856
750 5.82582
751 5.68181
752 5.96576
754 6.04087
755 5.71804
757 6.00209
758 8.55016
759 5.9788
760 5.83777
762 5.93545
763 5.69257
764 8.69226
765 5.84943
766 5.69712
768 5.86733
770 5.85004
771 5.69754
772 5.73899
773 5.71842
774 5.58648
776 5.57349
778 8.46499
779 5.73645
781 5.74482
783 5.7024
785 5.68395
786 5.62143
787 8.49918
788 5.66776
789 5.6253
790 5.58603
791 8.49545
792 5.66219
793 5.57004
794 5.52275
795 5.54088
797 5.63776
799 5.63211
800 8.4092
801 5.62311
802 5.52423
803 5.52162
806 5.59733
808 5.58961
809 5.51102
811 5.50409
812 5.48519
814 5.56553
816 5.55904
817 5.48924
818 5.46888
819 5.43036
820 5.46793
821 5.43547
822 5.43146
823 5.44343
824 5.41864
826 5.3947
827 5.34886
828 5.38145
829 5.44203
830 5.47619
831 5.35979
832 5.46352
833 5.34957
834 5.4599
835 5.40911
836 5.35204
837 5.40227
838 5.34959
839 5.32852
840 5.30488
841 5.31291
842 5.30743
843 5.31688
844 5.36659
845 5.29636
846 5.29813
847 5.37855
848 5.32975
849 5.2935
850 5.28798
851 5.29006
852 5.28873
853 5.30062
854 5.32207
855 5.29738
856 5.3335
857 5.29655
858 5.33061
859 5.29639
860 5.30395
861 5.30349
862 8.47919
863 5.29198
864 5.29572
865 5.31361
866 5.29122
867 5.29102
868 5.31377
869 5.28876
870 5.29562
871 5.28866
872 5.28304
873 5.28529
874 5.29044
875 5.3026
876 5.28767
877 5.28616
878 5.28519
879 5.29741
880 5.28576
881 5.2908
882 5.28619
883 5.28982
884 5.28603
885 5.2821
886 5.28159
887 5.28013
889 5.28721
890 5.28505
891 5.28045
892 5.28394
894 5.28345
895 5.28512
896 5.28222
897 5.2777
899 5.27871
900 5.28294
901 5.2901
902 5.28056
903 5.27902
905 5.281
907 5.28066
908 5.28359
909 5.27983
910 5.28529
911 5.27944
912 5.2833
913 5.27945
915 5.27985
916 5.27714
918 5.27893
919 5.27899
920 5.27677
923 5.27877
924 5.2779
926 5.27841
927 5.27699
928 5.28118
929 5.27762
930 5.27855
931 5.27825
933 5.27797
934 5.27786
936 5.27747
938 5.2777
939 5.27758
940 5.27618
942 5.27878
943 5.27709
944 5.27873
945 5.27709
946 5.2767
947 5.27612
950 5.27709
952 5.27691
954 5.27699
955 5.27625
956 5.27655
957 5.27724
958 5.27665
960 5.27676
961 5.27678
963 5.2767
965 5.2766
966 5.27686
967 5.27652
968 5.27609
969 5.27581
970 5.27588
971 5.27579
973 5.27615
974 5.27571
975 5.2755
977 5.27627
978 5.2758
979 5.27549
980 5.27541
981 5.27521
982 5.27472
984 5.27588
985 5.27533
986 5.27523
987 5.27474
988 5.27472
989 5.27458
990 5.27417
992 5.27536
993 5.27533
994 5.27465
995 5.27424
996 5.27428
997 5.27412
998 5.27398
999 5.27432
1000 5.27342
1001 5.2727
1002 5.27348
1003 5.27333
1004 5.27306
1005 5.27292
1006 5.27269
1007 5.27241
1008 5.27316
1009 5.27258
1010 5.27213
1011 5.27196
1012 5.27144
1013 5.27071
1014 5.27112
1015 5.27134
1016 5.27066
1017 5.26999
1018 5.27074
1019 5.2701
1020 5.27013
1021 5.27026
1022 5.27055
1023 5.27133
1024 5.2701
1025 5.26976
1026 5.27049
1027 5.27206
1028 5.2702
1029 5.27054
1030 5.27029
1031 5.27046
1032 5.27001
1033 5.27011
1034 5.2712
1035 5.26987
1036 5.27055
1037 5.26987
1038 5.26976
1039 5.26976
1040 334.45
1041 5.27046
1042 31.7011
1043 7.27695
1044 8.41899
1046 5.26951
1047 5.26982
1048 43.1483
1049 5.26974
1050 20.8519
1051 97.1829
1052 48.4439
1053 54.2267
1054 25.4107
1055 71528.3
1056 34.6903
1057 518.762
1058 21.4885
1059 45.1078
1060 11.715
1061 31.4554
1062 14.5146
1063 53.8741
1064 13.5996
1066 12.1993
1067 16.2456
1068 10.2667
1069 19.8718
1070 9.97342
1072 9.35318
1073 14.0196
1074 8.93122
1076 8.88599
1078 8.76836
1080 8.56338
1081 9.41918
1082 8.44895
1084 8.4754
1086 8.42875
1088 8.37461
1090 8.3702
1092 8.37939
1094 8.35741
1095 5.27915
1096 5.3113
1098 8.35057
1100 8.36154
1101 5.26285
1104 8.35856
1105 5.2656
1106 5.25995
1107 5.26877
1108 7.27443
1109 5.26063
1110 5.26622
1111 5.26517
1112 5.26576
1113 5.2744
1114 5.26559
1115 5.25817
1116 5.25939
1118 5.26402
1119 5.27032
1120 5.26175
1122 5.26068
1123 5.25676
1124 5.25801
1125 5.25563
1126 5.25704
1127 5.2557
1128 5.26823
1129 5.25878
1130 5.25245
1131 5.2516
1132 5.25787
1133 5.25342
1134 5.25206
1135 5.2518
1136 5.25729
1137 5.25683
1138 5.24947
1139 7.22184
1140 5.25115
1141 5.26331
1142 5.25199
1143 5.25691
1144 5.25249
1145 5.249
1146 5.25174
1147 5.25147
1148 5.25224
1149 5.24852
1150 5.25077
1151 5.25298
1152 5.24996
1153 5.25319
1154 5.24984
1155 5.24566
1156 5.24235
1157 5.26279
1158 5.24821
1159 5.24398
1160 5.24862
1161 5.2463
1162 5.24511
1163 5.24247
1164 5.243
1165 5.24073
1166 5.23726
1167 5.2386
1168 5.24006
1169 5.23562
1170 5.23026
1171 5.23168
1172 5.23161
1173 5.23147
1174 5.22769
1175 5.21997
1176 5.22721
1177 5.22099
1178 5.21543
1179 5.19996
1180 5.20872
1181 5.20412
1182 5.19909
1183 7.13775
1184 5.20039
1185 5.19345
1186 5.17295
1187 5.18226
1188 5.1837
1189 5.1714
1190 5.14754
1191 5.15558
1192 5.13862
1193 7.39694
1194 5.14368
1195 5.14501
1196 5.13158
1197 5.10186
1198 5.10038
1199 5.04067
1200 5.07731
1201 5.1058
1202 5.05555
1203 5.04786
1204 5.04497
1205 5.02028
1206 4.9504
1207 4.98579
1208 4.98223
1209 4.98566
1210 4.94832
1211 4.88863
1212 4.89555
1213 4.89666
1214 4.88752
1215 4.84488
1216 4.8431
1217 4.78092
1218 4.8147
1219 7.08734
1220 4.95493
1221 4.83775
1222 4.76292
1223 4.67415
1224 4.71939
1225 4.75944
1226 8.66089
1227 4.85894
1228 8.63812
1229 4.839
1230 4.75773
1231 4.73863
1232 4.78739
1233 4.67347
1234 4.62033
1235 8.61798
1236 4.77253
1237 4.62666
1238 4.63381
1239 4.67991
1240 4.60776
1241 6.90393
1242 4.59886
1244 4.5522
1245 4.48635
1246 4.50678
1247 4.57627
1248 4.48101
1249 6.80151
1250 8.55884
1251 4.60764
1253 4.60244
1254 4.54514
1255 4.51223
1256 4.52998
1257 4.50178
1258 4.46611
1259 8.64482
1260 4.45058
1261 4.45511
1262 4.57741
1263 4.5117
1264 4.40896
1265 4.34767
1266 4.39481
1268 4.48574
1269 4.39229
1270 4.43227
1271 4.40962
1272 4.40782
1273 4.36518
1275 4.43693
1276 4.35617
1278 4.42331
1279 4.34814
1281 4.40344
1282 4.38397
1283 4.32127
1284 4.28866
1285 4.32587
1286 4.35059
1287 4.28898
1288 4.29162
1289 4.27257
1290 4.24826
1291 4.28461
1292 4.26549
1293 4.27541
1295 4.30526
1296 4.23894
1297 4.22977
1298 4.20957
1299 4.18837
1301 4.27844
1302 4.21748
1303 4.19391
1304 4.20261
1305 4.1957
1306 4.21129
1307 4.1979
1308 4.21642
1309 4.21913
1311 4.21098
1312 4.21014
1313 4.23808
1314 4.19333
1315 4.19541
1316 4.22099
1317 4.19282
1318 4.18052
1320 4.1764
1322 4.20259
1323 4.18816
1324 4.20513
1325 4.18432
1326 4.16449
1327 4.16172
1328 4.18414
1330 4.17944
1331 4.22169
1332 4.17464
1333 4.15726
1334 4.15256
1335 4.15186
1336 4.15117
1337 4.14702
1338 4.14855
1339 4.1769
1340 4.14868
1341 4.19676
1342 4.15987
1343 4.13743
1344 4.13506
1345 4.15237
1346 4.14216
1347 4.15924
1348 4.10874
1349 8.05317
1350 4.11606
1351 4.13436
1352 4.14746
1353 4.12179
1354 4.13141
1355 7.152
1356 4.13314
1357 7.16333
1358 4.12936
1359 4.13212
1360 4.09533
1361 8.08902
1362 4.11916
1363 4.1279
1364 4.12548
1365 4.09145
1366 4.07677
1367 4.12187
1368 8.06123
1369 4.11207
1370 4.08415
1371 4.09898
1372 7.12231
1373 4.10726
1374 4.124
1375 4.10366
1376 4.08722
1377 4.111
1378 8.06872
1379 4.10299
1380 8.05518
1381 4.10121
1382 4.11515
1383 4.0965
1384 4.08196
1385 7.1297
1386 4.09671
1387 4.0935
1388 4.07587
1389 8.09205
1390 8.0672
1391 4.09233
1392 8.05401
1393 4.09056
1394 8.07069
1395 4.08939
1396 8.05277
1397 4.08893
1398 4.08232
1399 4.08762
1400 4.07084
1401 4.0619
1402 4.06971
1403 4.0651
1404 4.06283
1405 8.08093
1406 4.07795
1407 4.07966
1408 4.06907
1409 8.02467
1410 4.07493
1411 8.04882
1412 4.07448
1413 7.15845
1414 4.07138
1415 4.06306
1416 4.06504
1417 7.08241
1418 4.0697
1419 8.02644
1420 4.07013
1421 8.03868
1422 4.06958
1423 7.12733
1424 4.06767
1425 4.05988
1426 8.02949
1427 4.06297
1428 7.09712
1429 4.06621
1430 8.03816
1431 4.06617
1432 8.01142
1433 4.06518
1434 7.11836
1435 4.06502
1436 4.05979
1437 7.09593
1438 4.05825
1439 11.6594
1440 4.05935
1441 4.05754
1442 4.05532
1443 8.04984
1444 4.06178
1445 11.6593
1446 4.0622
1447 4.05964
1448 8.00746
1449 4.06052
1450 4.06019
1451 4.05586
1452 4.05732
1453 8.02633
1454 4.05975
1455 4.05553
1456 4.05846
1457 7.09083
1458 4.05832
1459 8.0145
1460 4.0584
1461 8.01462
1462 4.05829
1463 8.04476
1464 4.05796
1465 4.05679
1466 4.06012
1467 4.05701
1468 4.05502
1469 8.0225
1470 4.0554
1471 4.05406
1472 8.02222
1473 4.05467
1474 8.03242
1475 4.0564
1476 4.05371
1477 8.01832
1478 4.05516
1479 8.01593
1480 4.05569
1481 8.0281
1482 4.05546
1483 4.05465
1484 8.01854
1485 4.0551
1486 4.05489
1487 4.0541
1488 8.02748
1489 4.05483
1490 4.05413
1491 4.05432
1492 4.05319
1493 8.01422
1494 4.05361
1495 4.05404
1496 4.05286
1497 8.00626
1498 8.02074
1499 4.05406
1500 4.05287
1501 4.05292
1502 8.02206
1503 4.05361
1504 4.05373
1505 4.0528
1506 4.05299
1507 8.00882
1508 4.05352
1509 4.05249
1510 4.05255
1511 4.05357
1512 4.05471
1513 4.05301
1514 4.05214
1515 8.01785
1516 8.01293
1517 4.0531
1518 4.05332
1519 4.0518
1520 8.01187
1521 4.05323
1522 4.05273
1523 4.0519
1524 4.05189
1525 4.05199
1526 4.052
1527 4.05216
1528 4.05132
1529 4.05074
1530 4.05151
1531 4.05088
1532 4.05083
1533 4.05146
1534 4.05066
1535 4.05014
1536 4.05081
1537 4.05052
1538 4.04989
1539 4.049
1540 4.0494
1541 4.04897
1542 4.04774
1543 4.04936
1544 4.04847
1545 4.0484
1546 7.09171
1547 4.04994
1548 4.04793
1549 4.04773
1550 7.99766
1551 4.04717
1552 4.04616
1553 4.04652
1554 4.04602
1555 4.04454
1556 4.04558
1557 4.04541
1558 4.04455
1559 4.04462
1560 4.04341
1561 4.04127
1562 4.04317
1563 4.04196
1564 4.04226
1565 7.07348
1566 4.04496
1567 4.04194
1568 4.04139
1569 4.04131
1570 7.07619
1571 4.04362
1572 4.04079
1573 4.03994
1574 4.03952
1575 4.03777
1576 4.03795
1577 4.03797
1578 4.03701
1579 4.03439
1580 4.03671
1581 4.03592
1582 4.03645
1583 4.03489
1584 4.03338
1585 4.03086
1586 4.03359
1587 4.03179
1588 4.03116
1589 4.03066
1590 4.02868
1591 4.02941
1592 4.03126
1593 4.02738
1594 4.02429
1595 4.02672
1596 4.0262
1597 4.02678
1598 4.02291
1599 4.01894
1600 4.0249
1601 4.02105
1602 4.02205
1603 4.02732
1604 4.02186
1605 4.01785
1606 4.01548
1607 4.0242
1608 4.01611
1609 4.01516
1610 4.01178
1611 4.01223
1612 4.01273
1613 4.01111
1614 4.00979
1615 4.03427
1616 4.01832
1617 4.00704
1618 4.00102
1619 4.00306
1620 4.00413
1621 4.00418
1622 3.9998
1623 3.9976
1624 4
1625 3.99464
1626 3.98854
1627 3.99424
1628 3.98999
1629 3.98508
1630 3.97792
1631 3.98416
1632 3.98194
1633 3.97639
1634 3.96769
1635 3.98836
1636 3.9828
1637 3.96909
1638 3.96537
1639 6.28949
1640 3.97211
1641 3.96924
1642 6.2916
1643 3.97909
1644 3.96448
1645 3.96559
1646 6.27426
1647 3.9759
1648 3.97363
1649 6.29048
1650 3.97474
1651 3.95982
1652 6.26777
1653 3.97304
1654 3.96133
1655 6.29259
1656 3.96932
1657 6.30107
1658 3.96789
1659 3.97162
1660 3.96228
1661 3.96928
1662 3.95842
1663 6.27698
1664 3.96867
1665 3.96203
1666 3.95702
1667 3.9548
1668 3.96565
1669 3.95284
1670 3.94697
1671 3.95005
1672 3.9625
1673 3.95443
1674 6.25546
1675 3.95934
1676 3.96384
1677 3.95667
1678 6.26536
1679 3.95807
1680 6.26229
1681 3.95753
1682 3.95538
1683 3.9528
1684 3.94698
1685 3.95449
1686 3.94627
1687 3.94289
1688 3.94454
1689 3.94874
1690 3.9437
1691 3.94127
1692 6.22242
1693 6.25176
1694 3.94939
1695 3.94055
1696 3.94069
1697 6.23472
1698 3.94815
1699 3.94218
1700 3.93669
1701 6.23838
1702 6.24328
1703 3.9445
1704 6.23199
1705 3.94477
1706 3.93836
1707 3.95095
1708 3.94211
1709 3.93709
1710 3.93606
1711 6.23912
1712 6.23153
1713 3.94169
1714 3.94226
1715 3.93593
1716 6.23772
1717 3.94162
1718 6.24594
1719 3.93985
1720 3.93782
1721 6.23057
1722 3.93963
1723 3.9413
1724 3.93863
1725 3.93567
1726 3.93563
1727 6.22664
1728 3.93847
1729 6.235
1730 3.9382
1731 3.93412
1732 6.23123
1733 3.93511
1734 6.23041
1735 3.93704
1736 3.93362
1737 6.24478
1738 6.23668
1739 3.93663
1740 3.93508
1741 3.93413
1742 3.9324
1743 6.24448
1744 3.93399
1745 3.93202
1746 6.25197
1747 3.9317
1748 3.93073
1749 3.93323
1750 6.24384
1751 3.9338
1752 3.93354
1753 3.93339
1754 3.93142
1755 3.93262
1756 3.93048
1757 6.25474
1758 6.24973
1759 3.93263
1760 3.93293
1761 3.93172
1762 3.93146
1763 6.24509
1764 3.93208
1765 6.24052
1766 3.93156
1767 6.251
1768 3.93182
1769 6.23669
1770 3.93165
1771 3.93239
1772 3.93142
1773 3.9301
1774 6.24615
1775 3.9309
1776 3.92992
1777 6.25509
1778 3.93186
1779 3.9309
1780 3.92953
1781 6.24337
1782 6.24544
1783 3.93092
1784 3.93217
1785 3.9306
1786 6.24419
1787 3.93084
1788 3.9306
1789 3.92964
1790 3.92992
1791 6.24968
1792 3.93034
1793 6.25106
1794 3.9304
1795 3.9301
1796 3.93023
1797 6.24863
1798 3.93021
1799 3.92944
1800 3.92919
1801 6.24842
1802 3.93006
1803 6.24747
1804 3.93
1805 3.93004
1806 3.9293
1807 3.92973
1808 3.92995
1809 3.92912
1810 3.92882
1811 3.92961
1812 6.25157
1813 3.92967
1814 6.25237
1815 3.92958
1816 3.92949
1817 3.92871
1818 3.9282
1819 6.24272
1820 3.92935
1821 6.24863
1822 3.92938
1823 3.92944
1824 3.92902
1825 3.92869
1826 3.92906
1827 3.92887
1828 3.9291
1829 3.92846
1830 3.92817
1831 6.25552
1832 3.92809
1833 7.98523
1834 6.25982
1835 3.9288
1836 3.92893
1837 6.25065
1838 3.92873
1839 3.92817
1840 6.25463
1841 3.92856
1842 3.9283
1843 3.92809
1844 6.25338
1845 3.9285
1846 6.24932
1847 3.92846
1848 3.92811
1849 3.92782
1850 3.92756
1851 3.92763
1852 3.92749
1853 6.24998
1854 3.92762
1855 3.92768
1856 3.9277
1857 3.92741
1858 7.97351
1859 3.92716
1860 7.9766
1861 3.92722
1862 3.92704
1863 6.25721
1864 6.24848
1865 3.9277
1866 6.24641
1867 3.92748
1868 3.92703
1869 6.24768
1870 6.25038
1871 3.92743
1872 3.92695
1873 3.92668
1874 3.92708
1875 7.97794
1876 3.92731
1877 3.92675
1878 3.92674
1879 3.92661
1880 7.97233
1881 3.92687
1882 3.92638
1883 7.9747
1884 3.92651
1885 3.92636
1886 6.25068
1887 3.92639
1888 3.9263
1889 3.92624
1890 3.92609
1891 3.92593
1892 7.96855
1893 3.92657
1894 3.9261
1895 3.92581
1896 3.92541
1897 3.92576
1898 3.92577
1899 3.9254
1900 7.96446
1901 3.9257
1902 3.92559
1903 3.92561
1904 3.92535
1905 7.95529
1906 3.92556
1907 7.96917
1908 3.92577
1909 3.92512
1910 3.92487
1911 7.96428
1912 3.92555
1913 3.92498
1914 3.92508
1915 3.92499
1916 7.9705
1917 3.92536
1918 3.92486
1919 3.92474
1920 3.92527
1921 3.92454
1922 7.95514
1923 3.92493
1924 3.92485
1925 3.92442
1926 3.92415
1927 3.92439
1928 3.92446
1929 3.92405
1930 3.92364
1931 3.92466
1932 3.92452
1933 3.92385
1934 3.92385
1935 3.92401
1936 7.94866
1937 3.92437
1938 3.92394
1939 3.92389
1940 7.96586
1941 3.92415
1942 3.92448
1943 3.92406
1944 7.95318
1945 3.92413
1946 3.92339
1947 7.952
1948 3.92381
1949 3.92354
1950 7.95723
1951 3.92391
1952 3.92361
1953 3.92358
1954 3.92364
1955 3.92328
1956 3.92302
1957 7.95873
1958 3.92367
1959 6.24272
1960 3.92363
1961 3.92329
1962 7.94966
1963 3.92359
1964 7.95639
1965 3.92353
1966 7.96302
1967 3.92348
1968 3.92348
1969 3.92325
1970 3.92339
1971 7.95317
1972 3.92345
1973 7.95182
1974 3.92341
1975 3.92342
1976 3.92312
1977 3.9232
1978 3.9231
1979 7.9526
1980 3.92332
1981 7.96235
1982 3.92327
1983 3.92302
1984 3.92302

