1 26.0552
2 26.0552
3 58.7655
4 0.571163
5 2.05468
6 0.571163
7 2.26929
8 0.324145
9 0.318475
10 0.312547
11 0.312528
12 0.312526
13 0.312526
14 0.312526
15 0.312526
16 0.312526
17 0.312526
18 0.308174
19 0.304677
20 0.304483
21 0.304992
22 0.304483
23 0.304557
24 0.304511
25 0.304483
26 0.304483
27 0.304483
28 0.304483
29 0.304483
30 0.304483
31 0.304483
32 0.304483
33 0.304483
34 0.514205
35 0.437467
36 0.304483
37 0.287523
38 0.31924
39 0.283694
40 0.283694
41 0.283694
42 0.283694
43 0.283694
44 0.283694
45 0.283694
46 0.283694
47 0.283694
48 0.283694
49 0.283694
50 0.261443
51 0.386526
52 0.261443
53 0.296224
54 0.261443
55 0.261443
56 0.261443
57 0.261443
58 0.261443
59 0.261443
60 0.261443
61 0.261443
62 0.261443
63 0.261443
64 0.261443
65 0.261443
66 0.261443
67 0.261443
68 0.261443
69 0.261443
70 0.261443
71 0.261443
72 0.261443
73 0.261443
74 0.261443
75 0.261443
76 0.261443
77 0.261443
78 0.261443
79 0.261443
80 0.261443
81 0.261443
82 0.261443
83 0.261443
84 0.261443
85 0.261443
86 0.261443
87 0.261443
88 0.261443
89 0.261443
90 0.221522
91 0.323118
92 0.221522
93 0.242264
94 0.221522
95 0.221522
96 0.221522
97 0.221522
98 0.221522
99 0.221522
100 0.221522
101 0.221522
102 0.221522
103 0.221522
104 0.221522
105 0.221522
106 0.221522
107 0.221522
108 0.221522
109 0.221522
110 0.221522
111 0.221522
112 0.221522
113 0.221522
114 0.221522
115 0.221522
116 0.221522
117 0.221522
118 0.221522
119 0.221522
120 0.221522
121 0.221522
122 0.221522
123 0.221522
124 0.221522
125 0.221522
126 0.221522
127 0.221522
128 0.221522
129 0.221522
131 6.91933
132 0.221522
133 2.52221
135 0.704272
136 0.227001
137 0.221244
138 0.221232
139 0.221232
140 0.221232
141 0.221232
142 0.221232
143 0.221232
144 0.221232
145 0.221232
146 0.221232
147 0.221232
148 0.221232
149 0.221232
150 0.220957
151 0.222772
152 0.220957
153 0.222744
154 0.220392
155 0.220596
156 0.220379
157 0.220379
158 0.220379
159 0.220379
160 0.220379
161 0.220379
162 0.220379
163 0.220379
164 0.220379
165 0.220379
166 0.220379
167 0.220379
168 0.220379
169 0.220379
170 0.220379
171 0.220379
172 0.220379
173 0.220379
174 0.220379
175 0.220379
176 0.220379
177 0.220176
178 0.21986
179 0.216592
180 0.225149
181 0.216592
182 0.21784
183 0.217069
184 0.216592
185 0.216592
186 0.216592
187 0.216592
188 0.216592
189 0.216592
190 0.216592
191 0.216592
192 0.216592
193 0.241054
195 0.216592
196 0.244717
197 0.223629
198 0.217313
199 0.213536
200 0.212101
201 0.211474
202 0.21205
203 0.211542
204 0.211467
205 0.211479
206 0.211456
207 0.211456
208 0.211456
209 0.211456
210 0.211456
211 0.211456
212 0.211456
213 0.211456
214 0.211456
215 0.211456
216 0.211456
217 0.211467
219 0.211456
221 0.21147
222 0.211468
224 0.211301
226 0.211434
228 0.211398
229 0.210702
231 0.211137
233 0.210952
234 0.210485
235 0.211034
236 0.210558
237 0.210497
238 0.210481
239 0.21048
240 0.21048
241 0.21048
242 0.21048
243 0.21048
244 0.21048
245 0.21048
247 0.21048
248 13.4485
249 5.83826
250 0.21048
251 2.07421
252 1.73041
253 0.286508
254 0.21172
255 0.209832
256 0.209817
257 0.209817
258 0.209817
259 0.209817
260 0.209817
261 0.209817
262 0.209817
263 0.209817
264 0.209817
265 0.209817
266 0.209817
267 0.209817
268 0.209817
269 0.209817
270 0.209817
271 0.208094
272 0.208852
273 0.208094
274 0.207866
275 0.208045
276 0.20786
277 0.20786
278 0.20786
279 0.20786
280 0.20786
281 0.20786
282 0.20786
283 0.20786
284 0.20786
285 0.20786
286 0.20786
287 0.20786
288 0.20786
289 0.20786
290 0.387108
291 0.4125
292 0.20786
293 0.215192
294 0.248181
295 0.200087
296 0.200087
297 0.200087
298 0.200087
299 0.200087
300 0.200087
301 0.200087
302 0.200087
303 0.200087
304 0.200087
305 0.200087
306 0.200087
307 0.236552
308 0.310559
309 0.200087
310 0.224704
311 0.200087
312 0.200087
313 0.200087
314 0.200087
315 0.200087
316 0.200087
317 0.200087
318 0.200087
319 0.200087
320 0.200087
321 0.200087
322 0.200087
323 0.200087
324 0.200087
325 0.200087
326 0.200087
327 0.200087
328 0.200087
329 0.200087
330 0.200087
331 0.200087
332 0.200087
333 0.200087
334 0.200087
335 0.200087
336 0.200087
337 0.200087
338 0.200087
339 0.200087
340 0.200087
341 0.200087
342 0.200087
343 0.200087
344 0.200087
345 0.200087
346 0.200087
347 0.200087
348 0.200087
349 0.200087
350 0.200087
351 0.200087
352 0.200087
353 0.200087
354 0.200087
355 0.200087
356 0.200087
357 0.200087
358 0.200087
359 0.200087
360 0.200087
361 0.200087
362 0.200087
363 0.200087
364 0.200087
365 0.200087
366 0.200087
367 0.200087
368 0.200087
369 0.200087
370 0.200087
371 0.200087
372 0.200087
373 0.200087
374 0.200087
375 0.200087
376 0.200087
377 0.200087
378 0.200087
379 0.200087
380 0.200087
381 0.200087
382 0.200087
383 0.200087
384 0.200087
385 0.200087
386 0.200087
387 0.200087
388 0.200087
389 0.200087
390 0.200087
391 0.200087
392 0.200087
393 0.200087
394 0.200087
395 0.200087
396 0.200087
397 0.200087
398 0.200087
399 0.222086
400 0.348214
401 0.200087
402 0.242922
403 0.200087
404 0.200087
405 0.200087
406 0.200087
407 0.200087
408 0.200087
409 0.200087
410 0.200087
411 0.200087
412 0.200087
413 0.200087
414 0.200087
415 0.200087
416 0.200087
417 0.200087
418 0.200087
419 0.200087
420 0.200087
421 0.200087
422 0.200087
423 0.200087
424 0.200087
425 0.200087
426 0.200087
427 0.200087
428 0.200087
429 0.200087
430 0.200087
431 0.200087
432 0.200087
433 0.200087
434 0.200087
435 0.200087
436 0.200087
437 0.200087
438 0.200087
439 0.200087
440 0.200087
441 0.200087
442 0.200087
443 0.200087
444 0.200087
445 0.200087
446 0.200087
447 0.200087
448 0.200087
449 0.200087
450 0.200087
451 0.200087
452 0.200087
453 0.200087
454 0.200087
455 0.200087
456 0.200087
457 0.200087
458 0.200087
459 0.200087
460 0.200087
461 0.200087
462 0.200087
463 0.200087
464 0.200087
465 0.200087
466 0.200087
467 0.200087
468 0.200087
469 0.200087
470 0.200087
471 0.200087
472 0.200087
473 0.200087
474 0.200087
475 0.200087
476 0.200087
477 0.200087
478 0.200087
479 0.200087
480 0.200087
481 0.200087
482 0.200087
483 0.200087
484 0.200087
485 0.200087
486 0.200087
487 0.200087
488 0.200087
489 0.200087
490 0.200087
492 7.39411
493 0.200087
494 2.50273
496 0.663456
497 0.203549
498 0.198481
499 0.198479
500 0.198478
501 0.198478
502 0.198478
503 0.198478
504 0.198478
505 0.198478
506 0.198478
507 0.198478
508 0.198478
509 0.205898
510 0.20103
511 0.198478
512 0.200732
513 0.199965
514 0.198519
515 0.198478
516 0.198478
517 0.198478
518 0.198478
519 0.198478
520 0.198478
521 0.198478
522 0.198478
523 0.198478
524 0.198478
525 0.198478
526 0.198478
527 0.198478
528 0.198478
529 0.198478
530 0.198478
531 0.198478
532 0.198478
533 0.198478
534 0.198478
535 0.198478
536 0.198278
537 0.197964
538 0.194551
539 0.203487
540 0.194551
541 0.195855
542 0.195049
543 0.194551
544 0.194551
545 0.194551
546 0.194551
547 0.194551
548 0.194551
549 0.194551
550 0.194551
551 0.194551
552 0.207101
554 0.194551
556 0.196921
557 0.195324
558 0.198154
559 0.194734
560 0.195608
561 0.194587
562 0.194567
563 0.194551
564 0.19455
565 0.19455
566 0.19455
567 0.19455
568 0.19455
569 0.19455
570 0.19455
571 0.19455
572 0.19455
573 0.19455
574 0.19455
575 0.19455
576 0.19455
577 0.19455
578 0.19455
579 0.19455
580 0.19455
581 0.19455
582 0.19455
583 0.19455
584 0.19455
585 0.19455
586 0.195208
588 0.19455
590 0.195209
591 0.195205
594 0.195193
596 0.195163
598 0.195091
600 0.194948
602 0.194743
603 0.215715
604 0.19458
605 0.194558
606 0.194529
607 0.194544
608 0.194526
609 0.194526
610 0.194525
611 0.194525
612 0.194525
613 0.194525
614 0.194525
615 0.194525
616 0.194525
617 0.194525
618 0.194525
619 0.194525
620 0.194525
621 0.194525
622 0.194525
623 13.5889
624 5.77314
625 0.194525
626 2.08788
627 1.6987
628 0.272593
629 0.195135
630 0.193099
631 0.380063
632 0.193076
633 0.193076
634 0.193076
635 0.193076
636 0.193076
637 0.193076
638 0.193076
639 0.193076
640 0.193076
641 0.193076
642 0.193076
643 0.193076
644 0.192889
645 0.196131
646 0.192889
647 0.19361
648 0.192763
649 0.192763
650 0.192763
651 0.192763
652 0.192763
653 0.192763
654 0.192763
655 0.192763
656 0.192763
657 0.192763
658 0.192763
659 0.192763
660 0.192763
661 0.356786
662 0.436926
663 0.192763
664 0.213151
665 0.226383
666 0.189211
667 0.189211
668 0.189211
669 0.189211
670 0.189211
671 0.189729
672 0.189211
673 0.189211
674 0.189211
675 0.189211
676 0.189211
677 0.189211
678 0.189211
679 0.189211
680 0.189211
681 0.226084
682 0.30031
683 0.189211
684 0.213907
685 0.189211
686 0.189211
687 0.189211
688 0.189211
689 0.189211
690 0.189211
691 0.189211
692 0.189211
693 0.189211
694 0.189211
695 0.189211
696 0.189211
697 0.189211
698 0.189211
699 0.189211
700 0.189211
701 0.189211
702 0.189211
703 0.189211
704 0.189211
705 0.189211
706 0.189211
707 0.189211
708 0.189211
709 0.189211
710 0.189211
711 0.189211
712 0.189211
713 0.189211
714 0.189211
715 0.189211
716 0.189211
717 0.189211
718 0.189211
719 0.189211
720 0.189211
721 0.189211
722 0.189211
723 0.189211
724 0.189211
725 0.189211
726 0.189211
727 0.189211
728 0.189211
729 0.189211
730 0.189211
731 0.189211
732 0.189211
733 0.189211
734 0.189211
735 0.189211
736 0.189211
737 0.189211
738 0.189211
739 0.189211
740 0.189211
741 0.189211
742 0.189211
743 0.189211
744 0.189211
745 0.189211
746 0.189211
747 0.189211
748 0.189211
749 0.189211
750 0.189211
751 0.189211
752 0.189211
753 0.189211
754 0.189211
755 0.189211
756 0.189211
757 0.189211
758 0.189211
759 0.189211
760 0.189211
761 0.189211
762 0.189211
763 0.189211
764 0.189211
765 0.189211
766 0.189211
767 0.189211
768 0.189211
769 0.189211
770 0.189211
771 0.189211
772 0.189211
773 0.211431
774 0.339862
775 0.189211
776 0.232803
777 0.189211
778 0.189211
779 0.189211
780 0.189211
781 0.189211
782 0.189211
783 0.189211
784 0.189211
785 0.189211
786 0.189211
787 0.189211
788 0.189211
789 0.189211
790 0.189211
791 0.189211
792 0.189211
793 0.189211
794 0.189211
795 0.189211
796 0.189211
797 0.189211
798 0.189211
799 0.189211
800 0.189211
801 0.189211
802 0.189211
803 0.189211
804 0.189211
805 0.189211
806 0.189211
807 0.189211
808 0.189211
809 0.189211
810 0.189211
811 0.189211
812 0.189211
813 0.189211
814 0.189211
815 0.189211
816 0.189211
817 0.189211
818 0.189211
819 0.189211
820 0.189211
821 0.189211
822 0.189211
823 0.189211
824 0.189211
825 0.189211
826 0.189211
827 0.189211
828 0.189211
829 0.189211
830 0.189211
831 0.189211
832 0.189211
833 0.189211
834 0.189211
835 0.189211
836 0.189211
837 0.189211
838 0.189211
839 0.189211
840 0.189211
841 0.189211
842 0.189211
843 0.189211
844 0.189211
845 0.189211
846 0.189211
847 0.189211
848 0.189211
849 0.189211
850 0.189211
851 0.189211
852 0.189211
853 0.189211
854 0.189211
855 0.189211
856 0.189211
857 0.189211
858 0.189211
859 0.189211
860 0.189211
861 0.189211
862 0.189211
863 0.189211
864 0.189211
866 7.36472
867 0.189211
868 2.61489
870 0.688146
871 0.194416
872 0.188482
873 0.188473
874 0.188473
875 0.188473
876 0.188473
877 0.188473
878 0.188473
879 0.188473
880 0.188473
881 0.188473
882 0.188473
883 0.188473
884 0.188473
885 0.188473
886 0.199445
887 0.192338
888 0.188473
889 0.191764
890 0.190643
891 0.188542
892 0.188473
893 0.188473
894 0.188473
895 0.188473
896 0.188473
897 0.188473
898 0.188473
899 0.188473
900 0.188473
901 0.188473
902 0.188473
903 0.188473
904 0.188473
905 0.188473
906 0.188473
907 0.188473
908 0.188473
909 0.188473
910 0.188473
911 0.188473
912 0.188473
913 0.188473
914 0.188314
915 0.188068
916 0.185886
917 0.191598
918 0.185886
919 0.186719
920 0.186204
921 0.185886
922 0.185886
923 0.185886
924 0.185886
925 0.185886
926 0.185886
927 0.185886
928 0.185886
929 0.185886
930 0.185886
931 0.198283
933 0.185886
935 0.188318
936 0.186737
937 0.205998
938 0.186119
939 0.186347
940 0.185927
941 0.185914
942 0.185885
943 0.185885
944 0.185888
945 0.185885
946 0.185885
947 0.185885
948 0.185885
949 0.185885
950 0.185885
951 0.185885
952 0.185885
953 0.185885
954 0.185885
955 0.185885
956 0.185885
957 0.185885
958 0.185885
959 0.185885
960 0.185885
961 0.186311
963 0.185885
965 0.186312
966 0.186309
969 0.186299
971 0.186274
973 0.186218
975 0.18611
977 0.185971
978 0.189805
979 0.185878
980 0.185862
981 0.18586
982 0.18586
983 0.185859
984 0.185859
985 0.185859
986 0.185859
987 0.185859
988 0.185859
989 0.185859
990 0.185859
991 0.185859
992 0.185859
993 0.185859
994 0.185859
995 13.9274
996 5.73902
997 0.185859
998 2.08376
999 1.74156
1000 0.267165
1001 0.187016
1002 0.184966
1003 0.184948
1004 0.184948
1005 0.184948
1006 0.184948
1007 0.184948
1008 0.184948
1009 0.184948
1010 0.184948
1011 0.184948
1012 0.184948
1013 0.184948
1014 0.184948
1015 0.184948
1016 0.184948
1017 0.184948
1018 0.184948
1019 0.18545
1020 0.187679
1021 0.184948
1022 0.185474
1023 0.184942
1024 0.184914
1025 0.184914
1026 0.184914
1027 0.184914
1028 0.184914
1029 0.184914
1030 0.184914
1031 0.184914
1032 0.184914
1033 0.184914
1034 0.184914
1035 0.184914
1036 0.184914
1037 0.184914
1038 0.184914
1039 0.184914
1040 0.184914
1041 0.184914
1042 0.184914
1043 0.345836
1044 0.448363
1045 0.184914
1046 0.210687
1047 0.216512
1048 0.182476
1049 0.182476
1050 0.182476
1051 0.182476
1052 0.182476
1053 0.182476
1054 0.182476
1055 0.182476
1056 0.182476
1057 0.182476
1058 0.182476
1059 0.219704
1060 0.294254
1061 0.182476
1062 0.207285
1063 0.182476
1064 0.182476
1065 0.182476
1066 0.182476
1067 0.182476
1068 0.182476
1069 0.182476
1070 0.182476
1071 0.182476
1072 0.182476
1073 0.182476
1074 0.182476
1075 0.182476
1076 0.182476
1077 0.182476
1078 0.182476
1079 0.182476
1080 0.182476
1081 0.182476
1082 0.182476
1083 0.182476
1084 0.182476
1085 0.182476
1086 0.182476
1087 0.182476
1088 0.182476
1089 0.182476
1090 0.182476
1091 0.182476
1092 0.182476
1093 0.182476
1094 0.182476
1095 0.182476
1096 0.182476
1097 0.182476
1098 0.182476
1099 0.182476
1100 0.182476
1101 0.182476
1102 0.182476
1103 0.182476
1104 0.182476
1105 0.182476
1106 0.182476
1107 0.182476
1108 0.182476
1109 0.182476
1110 0.182476
1111 0.182476
1112 0.182476
1113 0.182476
1114 0.182476
1115 0.182476
1116 0.182476
1117 0.182476
1118 0.182476
1119 0.182476
1120 0.182476
1121 0.182476
1122 0.182476
1123 0.182476
1124 0.182476
1125 0.182476
1126 0.182476
1127 0.182476
1128 0.182476
1129 0.182476
1130 0.182476
1131 0.182476
1132 0.182476
1133 0.182476
1134 0.182476
1135 0.182476
1136 0.182476
1137 0.182476
1138 0.182476
1139 0.182476
1140 0.182476
1141 0.182476
1142 0.182476
1143 0.182476
1144 0.182476
1145 0.182476
1146 0.182476
1147 0.182476
1148 0.182476
1149 0.182476
1150 0.182476
1151 0.204894
1152 0.335217
1153 0.182476
1154 0.226687
1155 0.182476
1156 0.182476
1157 0.182476
1158 0.182476
1159 0.182476
1160 0.182476
1161 0.182476
1162 0.182476
1163 0.182476
1164 0.182476
1165 0.182476
1166 0.182476
1167 0.182476
1168 0.182476
1169 0.182476
1170 0.182476
1171 0.182476
1172 0.182476
1173 0.182476
1174 0.182476
1175 0.182476
1176 0.182476
1177 0.182476
1178 0.182476
1179 0.182476
1180 0.182476
1181 0.182476
1182 0.182476
1183 0.182476
1184 0.182476
1185 0.182476
1186 0.182476
1187 0.182476
1188 0.182476
1189 0.182476
1190 0.182476
1191 0.182476
1192 0.182476
1193 0.182476
1194 0.182476
1195 0.182476
1196 0.182476
1197 0.182476
1198 0.182476
1199 0.182476
1200 0.182476
1201 0.182476
1202 0.182476
1203 0.182476
1204 0.182476
1205 0.182476
1206 0.182476
1207 0.182476
1208 0.182476
1209 0.182476
1210 0.182476
1211 0.182476
1212 0.182476
1213 0.182476
1214 0.182476
1215 0.182476
1216 0.182476
1217 0.182476
1218 0.182476
1219 0.182476
1220 0.182476
1221 0.182476
1222 0.182476
1223 0.182476
1224 0.182476
1225 0.182476
1226 0.182476
1227 0.182476
1228 0.182476
1229 0.182476
1230 0.182476
1231 0.182476
1232 0.182476
1233 0.182476
1234 0.182476
1235 0.182476
1236 0.182476
1237 0.182476
1238 0.182476
1239 0.182476
1240 0.182476
1241 0.182476
1242 0.182476
1244 7.35653
1245 0.182476
1246 2.69775
1248 0.707044
1249 0.188729
1250 0.182152
1251 0.182138
1252 0.182138
1253 0.182138
1254 0.182138
1255 0.182138
1256 0.182138
1257 0.182138
1258 0.182138
1259 0.182138
1260 0.182138
1261 0.182138
1262 0.182138
1263 0.182138
1264 0.182138
1265 0.182138
1266 0.182138
1267 0.195592
1268 0.186897
1269 0.182138
1270 0.186163
1271 0.184801
1272 0.182224
1273 0.182138
1274 0.182138
1275 0.182138
1276 0.182138
1277 0.182138
1278 0.182138
1279 0.182138
1280 0.182138
1281 0.182138
1282 0.182138
1283 0.182138
1284 0.182138
1285 0.182138
1286 0.182138
1287 0.182138
1288 0.182138
1289 0.182138
1290 0.182138
1291 0.182138
1292 0.182138
1293 0.182138
1294 0.182138
1295 0.182138
1296 0.182138
1297 0.182138
1298 0.182138
1299 0.182138
1300 0.182138
1301 0.182138
1302 0.182138
1303 0.182138
1304 0.182138
1305 0.182012
1306 0.18182
1307 0.180474
1308 0.183999
1309 0.180474
1310 0.180988
1311 0.18067
1312 0.180474
1313 0.180474
1314 0.180474
1315 0.180474
1316 0.180474
1317 0.180474
1318 0.180474
1319 0.180474
1320 0.192658
1322 0.180474
1324 0.182952
1325 0.181403
1326 0.400696
1327 0.180762
1328 0.182426
1329 0.18056
1330 0.180547
1331 0.180472
1332 0.180468
1333 0.180475
1334 0.180468
1335 0.180468
1336 0.180468
1337 0.180468
1338 0.180468
1339 0.180468
1340 0.180468
1341 0.180468
1342 0.180468
1343 0.180468
1344 0.180468
1345 0.180468
1346 0.180468
1347 0.180468
1348 0.180468
1349 0.180468
1350 0.180468
1351 0.180468
1352 0.180729
1354 0.180468
1356 0.18073
1357 0.180728
1360 0.18072
1362 0.1807
1364 0.180657
1366 0.18058
1368 0.180494
1369 0.191481
1370 0.180449
1371 0.18045
1372 0.180446
1373 0.180446
1374 0.180445
1375 0.180445
1376 0.180445
1377 0.180445
1378 0.180445
1379 0.180445
1380 0.180445
1381 0.180445
1382 0.180445
1383 0.180445
1384 0.180445
1385 0.180445
1386 0.180445
1387 0.180445
1388 0.180445
1389 0.180445
1390 0.180445
1391 0.180445
1392 0.180445

