1 2014.1
2 2014.1
3 6512.65
4 55.1603
5 15.9135
6 15.9135
7 169.145
8 23.3034
9 14.2422
10 14.2081
11 14.1968
12 14.1968
13 14.1968
14 14.1968
15 14.1968
16 14.1968
17 14.1968
18 14.1361
19 14.0399
20 12.2273
21 16.9727
22 12.2273
23 12.9197
24 12.4918
25 12.2273
26 12.2273
27 12.2273
28 12.2273
29 12.2273
30 48.124
31 44.8089
32 12.2273
33 13.3479
34 20.0494
35 10.7316
36 10.7311
37 10.7308
38 10.7308
39 10.7308
40 10.7308
41 10.7308
42 10.7308
43 12.1805
44 20.9224
45 10.7308
46 13.6718
47 10.7308
48 10.7308
49 10.7308
50 10.7308
51 10.7308
52 10.7308
53 10.7308
54 10.7308
55 10.7308
56 10.7308
57 10.7308
58 10.7308
59 10.7308
60 10.7308
61 10.7308
62 10.7308
63 10.7308
64 10.7308
65 10.7308
66 10.7308
67 10.7308
68 10.7308
69 10.7308
70 10.7308
71 10.7308
72 10.7308
73 10.7308
74 10.7308
75 10.7308
76 10.7308
77 10.7308
78 10.7308
79 10.7308
80 10.7308
81 10.7308
82 10.7308
83 10.7308
84 10.7308
85 10.7308
86 10.7308
87 10.7308
88 10.7308
89 10.7308
90 10.7308
91 10.7308
92 10.7308
93 10.7308
94 10.7308
95 10.7308
96 10.7308
97 10.7308
98 10.7308
99 10.7308
100 10.7308
101 10.7308
102 10.7308
103 10.7308
104 10.7308
105 10.7308
106 10.7308
107 10.7308
108 10.7308
109 10.7308
110 10.7308
111 10.7308
112 10.7308
113 10.7308
114 10.7308
115 10.7308
116 10.7308
117 10.7308
118 10.7308
119 10.7308
120 10.7308
121 10.7308
122 10.7308
123 10.7308
124 10.7308
125 10.7308
126 10.7308
127 10.7308
128 10.7308
129 10.7308
130 10.7308
131 10.7308
132 10.7308
133 10.7308
134 10.7308
135 13.0363
136 18.0611
137 10.7308
138 12.4229
139 10.7308
140 10.7308
141 10.7308
142 10.7308
143 10.7308
144 10.7308
145 10.7308
146 10.7308
147 10.7308
148 10.7308
149 10.7308
150 10.7308
151 10.7308
152 10.7308
153 10.7308
154 10.7308
155 10.7308
156 10.7308
157 10.7308
158 10.7308
159 10.7308
160 10.7308
161 10.7308
162 10.7308
163 10.7308
164 10.7308
165 10.7308
166 10.7308
167 10.7308
168 10.7308
169 10.7308
170 10.7308
171 10.7308
172 10.7308
173 10.7308
174 10.7308
175 10.7308
176 10.7308
177 10.7308
178 10.7308
179 10.7308
180 10.7308
181 10.7308
182 10.7308
183 10.7308
184 10.7308
185 10.7308
186 10.7308
187 10.7308
188 10.7308
189 10.7308
190 10.7308
191 10.7308
192 10.7308
193 10.7308
194 10.7308
195 10.7308
196 10.7308
197 10.7308
198 10.7308
199 10.7308
200 10.7308
201 10.7308
202 10.7308
203 10.7308
204 10.7308
205 10.7308
206 10.7308
207 10.7308
208 10.7308
209 10.7308
210 10.7308
211 10.7308
212 10.7308
213 10.7308
214 10.7308
215 10.7308
216 10.7308
217 10.7308
218 10.7308
219 10.7308
220 10.7308
221 10.7308
222 10.7308
223 10.7308
224 10.7308
225 10.7308
226 10.7308
229 10.7308
230 84.1395
232 29.9756
234 14.092
235 11.45
236 10.9242
237 10.7929
239 10.7528
241 10.7389
243 10.7338
245 10.7319
247 10.7312
249 10.7309
251 10.7308
253 10.7308
255 10.7308
257 10.7308
259 10.7308
261 10.7308
263 10.7308
265 10.7308
267 10.7308
269 10.7308
271 10.7308
273 10.7308
275 10.7308
277 10.7308
279 10.7308
281 10.7308
283 10.7308
285 10.7308
287 10.7308
289 10.7308
291 10.7308
293 10.7308
295 10.7308
297 10.7308
299 10.7308
300 10.7308
301 10.7308
302 10.7308
303 10.7308
304 10.7308
305 10.7308
306 10.7308
307 10.7308
308 10.7308
309 10.7308
310 10.7308
311 10.7308
312 10.7308
313 10.7308
314 10.7308
315 10.7308
316 10.7308
317 10.7308
318 10.7308
319 10.7308
320 10.7308
321 10.7308
322 10.7308
323 10.7308
324 10.7308
325 10.7308
326 10.7308
327 10.7308
328 10.7308
329 10.7308
330 10.7308
331 10.7308
332 10.7308
333 10.7308
334 10.7308
335 10.7308
336 10.7308
337 10.7308
338 10.7308
339 10.7308
340 10.7308
341 10.7308
342 10.7308
343 10.7308
344 10.7308
345 10.7308
346 10.7308
347 10.7308
348 10.7308
349 10.7305
350 10.7302
351 10.702
352 10.6822
353 10.7341
354 10.6822
355 10.6898
356 10.6851
357 10.6822
358 10.6822
359 10.6822
360 10.6822
361 10.6822
362 10.6822
363 10.6822
364 10.6822
365 10.6822
366 10.6822
367 14.0628
368 881.855
369 10.6822
370 9.29401
371 8.75674
372 8.54735
373 9.11654
374 8.61124
375 8.52088
376 8.55261
377 8.52307
378 8.52155
379 8.52089
380 8.52088
381 8.52088
382 8.52088
383 8.52088
384 8.52088
385 8.52088
388 8.52088
393 8.52014
394 8.52082
397 8.52066
398 8.51624
400 8.51928
402 8.51817
403 8.51274
404 8.50578
405 8.48926
406 8.43304
408 8.4673
409 8.55986
410 8.4492
411 8.42461
412 8.42842
413 8.42473
414 8.42434
415 8.42462
416 8.42431
417 8.42431
418 8.42431
419 8.42431
420 8.42431
422 8.42431
423 1257.95
424 158.565
425 8.42431
426 85.3206
427 121.629
428 18.8864
429 24.9924
430 8.58511
431 8.42222
432 8.41736
433 8.41736
434 8.41736
435 8.41736
436 8.41736
437 8.41736
438 8.41736
439 8.41736
440 8.41736
441 8.41736
442 8.41736
443 8.41736
444 8.41736
445 8.41736
446 8.39776
447 8.36807
448 8.20532
449 8.6314
450 8.20532
451 8.26748
452 8.22906
453 8.20532
454 8.20532
455 8.20532
456 8.20532
457 8.20532
458 8.20532
459 8.20532
460 8.20532
461 38.0617
462 51.209
463 8.20532
464 13.467
465 13.5737
466 7.93866
467 7.93594
468 7.93581
469 7.93581
470 7.93581
471 7.93581
472 7.93581
473 7.93581
474 7.93581
475 7.93581
476 7.93581
477 9.64636
478 19.8852
479 7.93581
480 11.3805
481 7.93581
482 7.93581
483 7.93581
484 7.93581
485 7.93581
486 7.93581
487 7.93581
488 7.93581
489 7.93581
490 7.93581
491 7.93581
492 7.93581
493 7.93581
494 7.93581
495 7.93581
496 7.93581
497 7.93581
498 7.93581
499 7.93581
500 7.93581
501 7.93581
502 7.93581
503 7.93581
504 7.93581
505 7.93581
506 7.93581
507 7.93581
508 7.93581
509 7.93581
510 7.93581
511 7.93581
512 7.93581
513 7.93581
514 7.93581
515 7.93581
516 7.93581
517 7.93581
518 10.6311
519 16.6015
520 7.93581
521 9.94742
522 7.93581
523 7.93581
524 7.93581
525 7.93581
526 7.93581
527 7.93581
528 7.93581
529 7.93581
530 7.93581
531 7.93581
532 7.93581
533 7.93581
534 7.93581
535 7.93581
536 7.93581
537 7.93581
538 7.93581
539 7.93581
540 7.93581
541 7.93581
542 7.93581
543 7.93581
544 7.93581
545 7.93581
546 7.93581
547 7.93581
548 7.93581
549 7.93581
550 7.93581
551 7.93581
552 7.93581
553 7.93581
554 7.93581
555 7.93581
556 7.93581
557 7.93581
558 7.93581
559 7.93581
560 7.93581
561 7.93581
562 7.93581
563 7.93581
564 7.93581
565 7.93581
566 7.93581
567 7.93581
568 7.93581
569 7.93581
570 7.93581
571 7.93581
572 7.93581
573 7.93581
574 7.93581
575 7.93581
576 7.93581
577 7.93581
578 7.93581
579 7.93581
580 7.93581
581 7.93581
582 7.93581
583 7.93581
584 7.93581
585 7.93581
586 7.93581
587 7.93581
588 7.93581
589 7.93581
590 7.93581
591 7.93581
592 7.93581
593 7.93581
594 7.93581
595 7.93581
596 7.93581
597 7.93581
598 7.93581
599 7.93581
600 7.93581
601 7.93581
602 7.93581
603 7.93581
604 7.93581
605 7.93581
606 7.93581
607 7.93581
608 7.93581
609 7.93581
612 7.93581
613 76.7152
615 21.5113
616 7.49963
617 7.49248
618 7.49233
619 7.49233
620 7.49233
621 7.49233
622 7.49233
623 7.49233
624 7.49233
625 7.49233
626 7.49233
627 7.49233
628 7.49233
629 7.49233
630 7.49233
631 8.49965
632 7.61137
633 7.49233
634 8.27745
635 7.5752
636 7.46364
637 7.46347
638 7.46347
639 7.46347
640 7.46347
641 7.46347
642 7.46347
643 7.46347
644 7.46347
645 7.46347
646 7.46347
647 7.46347
648 7.46347
649 7.46285
650 7.46186
651 7.36881
652 7.02171
653 7.93043
654 7.02171
655 7.15429
656 7.07236
657 7.02171
658 7.02171
659 7.02171
660 7.02171
661 7.02171
662 7.02171
663 8.14491
665 7.02171
667 7.17252
668 7.04133
669 7.01084
670 7.01138
671 7.01073
672 7.01131
673 7.01066
674 7.01066
675 7.01066
676 7.01066
677 7.01066
678 7.01066
679 7.01066
680 7.01066
681 7.01066
682 7.01066
683 7.01066
684 7.01066
685 7.01066
686 7.01066
687 7.01066
688 7.01066
689 7.01066
690 7.01066
693 7.01066
696 7.12064
697 7.12059
700 7.12046
702 7.12012
704 7.11923
706 7.11697
708 7.11139
710 7.0989
712 7.07616
714 7.0478
715 95.6926
716 7.02658
717 7.0158
718 7.00793
719 7.00685
720 7.00674
721 7.00647
722 7.00647
723 7.00647
724 7.00647
725 7.00647
726 7.00647
727 7.00647
728 7.00647
729 7.00647
730 7.00647
731 7.00647
732 7.00647
733 7.00647
734 8.29828
735 7.00647
736 1264.79
737 153.999
738 7.00647
739 86.1092
740 114.852
741 17.8805
742 17.173
743 7.02208
744 6.90459
745 8.16049
746 6.90165
747 6.90163
748 6.90163
749 6.90163
750 6.90163
751 6.90163
752 6.90163
753 6.90163
754 6.90163
755 6.90163
756 6.90163
757 6.90163
758 6.90163
759 6.90163
760 6.90163
761 6.90163
762 6.90163
763 6.90163
764 6.89658
765 6.89041
766 6.88555
767 6.89829
768 6.88555
769 6.88741
770 6.88626
771 6.88555
772 6.88555
773 6.88555
774 6.88555
775 6.88555
776 6.88555
777 6.88555
778 6.88555
779 6.88555
780 6.88555
781 6.88555
782 6.88555
783 35.2448
784 53.7313
785 6.88555
786 13.5593
787 11.5362
788 6.79909
789 6.79584
790 6.79582
791 6.79582
792 6.79582
793 6.79582
794 6.79582
795 6.79582
796 6.79582
797 6.79582
798 6.79582
799 6.79582
800 8.57383
801 10.373
802 6.79582
803 6.79582
804 10.373
805 6.79582
806 6.79582
807 6.79582
808 6.79582
809 6.79582
810 6.79582
811 6.79582
812 6.79582
813 6.79582
814 6.79582
815 6.79582
816 6.79582
817 6.79582
818 6.79582
819 6.79582
820 6.79582
821 6.79582
822 6.79582
823 6.79582
824 6.79582
825 6.79582
826 6.79582
827 6.79582
828 6.79582
829 6.79582
830 6.79582
831 6.79582
832 6.79582
833 6.79582
834 6.79582
835 6.79582
836 6.79582
837 6.79582
838 6.79582
839 6.79582
840 6.79582
841 9.5761
842 15.7128
843 6.79582
844 8.8639
845 6.79582
846 6.79582
847 6.79582
848 6.79582
849 6.79582
850 6.79582
851 6.79582
852 6.79582
853 6.79582
854 6.79582
855 6.79582
856 6.79582
857 6.79582
858 6.79582
859 6.79582
860 6.79582
861 6.79582
862 6.79582
863 6.79582
864 6.79582
865 6.79582
866 6.79582
867 6.79582
868 6.79582
869 6.79582
870 6.79582
871 6.79582
872 6.79582
873 6.79582
874 6.79582
875 6.79582
876 6.79582
877 6.79582
878 6.79582
879 6.79582
880 6.79582
881 6.79582
882 6.79582
883 6.79582
884 6.79582
885 6.79582
886 6.79582
887 6.79582
888 6.79582
889 6.79582
890 6.79582
891 6.79582
892 6.79582
893 6.79582
894 6.79582
895 6.79582
896 6.79582
897 6.79582
898 6.79582
899 6.79582
900 6.79582
901 6.79582
902 6.79582
903 6.79582
904 6.79582
905 6.79582
906 6.79582
907 6.79582
908 6.79582
909 6.79582
910 6.79582
911 6.79582
912 6.79582
913 6.79582
914 6.79582
915 6.79582
916 6.79582
917 6.79582
918 6.79582
919 6.79582
920 6.79582
921 6.79582
922 6.79582
923 6.79582
924 6.79582
925 6.79582
926 6.79582
927 6.79582
928 6.79582
929 6.79582
930 6.79582
931 6.79582
932 6.79582
935 6.79582
936 84.857
938 23.424
939 6.56948
940 6.56063
941 6.56056
942 6.56056
943 6.56056
944 6.56056
945 6.56056
946 6.56056
947 6.56056
948 6.56056
949 6.56056
950 6.56056
951 6.56056
952 6.56056
953 6.56056
954 8.76288
955 7.08246
956 6.56056
957 7.60648
958 6.99353
959 6.56086
960 6.56056
961 6.56056
962 6.56056
963 6.56056
964 6.56056
965 6.56056
966 6.56056
967 6.56056
968 6.56056
969 6.56056
970 6.56056
971 6.56056
972 6.56056
973 6.56056
974 6.56056
975 6.56056
976 6.56056
977 6.56056
978 6.56056
979 6.56056
980 6.56056
981 6.56056
982 6.56056
983 6.56013
984 6.55944
985 6.49585
986 6.32919
987 6.76551
988 6.32919
989 6.39285
990 6.35351
991 6.32919
992 6.32919
993 6.32919
994 6.32919
995 6.32919
996 6.32919
997 6.32919
998 6.32919
999 7.4603
1001 6.32919
1003 6.46121
1004 6.33099
1005 6.3082
1006 6.30823
1007 6.30807
1008 6.31059
1009 6.30807
1010 6.30807
1011 6.30807
1012 6.30807
1013 6.30807
1014 6.30807
1015 6.30807
1016 6.30807
1017 6.30807
1020 6.30807
1023 6.46695
1024 6.4669
1027 6.46677
1029 6.4664
1031 6.46546
1033 6.46304
1035 6.45701
1037 6.44303
1039 6.41565
1041 6.37673
1043 6.34188
1044 6.30281
1045 6.29045
1046 6.29189
1047 6.29049
1048 6.29043
1049 6.29043
1050 6.29043
1051 6.29043
1052 6.29043
1053 6.29043
1054 6.29043
1055 6.29043
1056 6.29043
1057 6.29043
1058 9.79092
1059 6.29043
1060 1309.74
1061 151.045
1062 6.29043
1063 86.0271
1064 118.481
1065 17.4725
1066 17.1625
1067 6.34873
1068 6.22121
1069 7.56148
1070 6.21848
1071 6.21846
1072 6.21846
1073 6.21846
1074 6.21846
1075 6.21846
1076 6.21846
1077 6.21846
1078 6.21846
1079 6.21846
1080 6.21767
1081 6.21841
1082 6.21767
1083 6.21766
1084 6.21783
1085 6.21762
1086 6.21762
1087 6.21762
1088 6.21762
1089 6.21762
1090 6.21762
1091 6.21762
1092 6.21762
1093 6.21762
1094 6.21762
1095 6.21762
1096 6.21762
1097 6.21762
1098 6.21762
1099 6.21762
1100 6.21762
1101 6.21762
1102 6.21762
1103 6.21762
1104 6.21762
1105 34.8618
1106 54.6488
1107 6.21762
1108 13.3123
1109 10.8131
1110 6.1547
1111 6.15124
1112 6.15122
1113 6.15122
1114 6.15122
1115 6.15122
1116 6.15122
1117 6.15122
1118 6.15122
1119 6.15122
1120 6.15122
1121 6.15122
1122 6.15122
1123 6.15122
1124 7.993
1125 18.9943
1126 6.15122
1127 9.85354
1128 6.15122
1129 6.15122
1130 6.15122
1131 6.15122
1132 6.15122
1133 6.15122
1134 6.15122
1135 6.15122
1136 6.15122
1137 6.15122
1138 6.15122
1139 6.15122
1140 6.15122
1141 6.15122
1142 6.15122
1143 6.15122
1144 6.15122
1145 6.15122
1146 6.15122
1147 6.15122
1148 6.15122
1149 6.15122
1150 6.15122
1151 6.15122
1152 6.15122
1153 6.15122
1154 6.15122
1155 6.15122
1156 6.15122
1157 6.15122
1158 6.15122
1159 6.15122
1160 6.15122
1161 6.15122
1162 6.15122
1163 6.15122
1164 6.15122
1165 6.15122
1166 6.15122
1167 6.15122
1168 6.15122
1169 6.15122
1170 6.15122
1171 6.15122
1172 6.15122
1173 6.15122
1174 6.15122
1175 6.15122
1176 6.15122
1177 6.15122
1178 6.15122
1179 6.15122
1180 6.15122
1181 6.15122
1182 6.15122
1183 6.15122
1184 6.15122
1185 6.15122
1186 6.15122
1187 6.15122
1188 6.15122
1189 6.15122
1190 6.15122
1191 6.15122
1192 6.15122
1193 6.15122
1194 6.15122
1195 6.15122
1196 6.15122
1197 6.15122
1198 6.15122
1199 6.15122
1200 6.15122
1201 6.15122
1202 6.15122
1203 6.15122
1204 6.15122
1205 6.15122
1206 6.15122
1207 6.15122
1208 6.15122
1209 6.15122
1210 6.15122
1211 6.15122
1212 6.15122
1213 6.15122
1214 6.15122
1215 6.15122
1216 9.01512
1217 15.3258
1218 6.15122
1219 8.27852
1220 6.15122
1221 6.15122
1222 6.15122
1223 6.15122
1224 6.15122
1225 6.15122
1226 6.15122
1227 6.15122
1228 6.15122
1229 6.15122
1230 6.15122
1231 6.15122
1232 6.15122
1233 6.15122
1234 6.15122
1235 6.15122
1236 6.15122
1237 6.15122
1238 6.15122
1239 6.15122
1240 6.15122
1241 6.15122
1242 6.15122
1243 6.15122
1244 6.15122
1245 6.15122
1246 6.15122
1247 6.15122
1248 6.15122
1249 6.15122
1250 6.15122
1251 6.15122
1252 6.15122
1253 6.15122
1254 6.15122
1255 6.15122
1256 6.15122
1257 6.15122
1258 6.15122
1259 6.15122
1260 6.15122
1261 6.15122
1262 6.15122
1263 6.15122
1264 6.15122
1265 6.15122
1266 6.15122
1267 6.15122
1268 6.15122
1269 6.15122
1270 6.15122
1271 6.15122
1272 6.15122
1273 6.15122
1274 6.15122
1275 6.15122
1276 6.15122
1277 6.15122
1278 6.15122
1279 6.15122
1280 6.15122
1281 6.15122
1282 6.15122
1283 6.15122
1284 6.15122
1285 6.15122
1286 6.15122
1287 6.15122
1288 6.15122
1289 6.15122
1290 6.15122
1291 6.15122
1292 6.15122
1293 6.15122
1294 6.15122
1295 6.15122
1296 6.15122
1297 6.15122
1298 6.15122
1299 6.15122
1300 6.15122
1301 6.15122
1302 6.15122
1303 6.15122
1304 6.15122
1305 6.15122
1306 6.15122
1307 6.15122
1310 6.15122
1311 91.338
1313 25.2649
1314 6.04806
1315 6.0391
1316 6.03907
1317 6.03907
1318 6.03907
1319 6.03907
1320 6.03907
1321 6.03907
1322 6.03907
1323 6.03907
1324 6.03907
1325 6.03907
1326 6.03907
1327 8.92493
1328 6.72452
1329 6.03907
1330 7.40905
1331 6.60704
1332 6.03948
1333 6.03907
1334 6.03907
1335 6.03907
1336 6.03907
1337 6.03907
1338 6.03907
1339 6.03907
1340 6.03907
1341 6.03907
1342 6.03907
1343 6.03907
1344 6.03907
1345 6.03907
1346 6.03907
1347 6.03907
1348 6.03907
1349 6.03907
1350 6.03907
1351 6.03907
1352 6.03907
1353 6.03907
1354 6.03907
1355 6.0388
1356 6.03835
1357 5.99898
1358 5.93806
1359 6.09755
1360 5.93806
1361 5.96133
1362 5.94695
1363 5.93806
1364 5.93806
1365 5.94146
1366 5.93856
1367 5.93814
1368 5.93807
1369 5.93806
1370 5.93806
1371 5.93806
1372 5.93806
1373 5.93806
1374 5.93806
1375 5.93806
1376 5.93806
1377 5.93806
1378 5.93806
1379 5.93806
1380 5.93806
1381 5.93806
1382 5.93806
1383 5.93806
1384 7.09479
1386 5.93806
1388 6.05484
1389 5.92805
1390 5.9112
1391 5.9111
1392 5.91101
1393 5.91101
1394 5.91101
1395 5.91101
1396 5.91101
1397 5.91101
1398 5.91101
1399 5.91101
1400 5.91101
1401 5.91101
1402 5.91101
1403 5.91101
1404 5.91101
1407 5.91101
1410 6.16116
1411 6.16111
1414 6.16096
1416 6.16057
1418 6.15954
1420 6.1569
1422 6.1502
1424 6.13411
1426 6.09992
1428 6.0437
1430 5.98285
1431 6.22227
1432 5.94223
1433 5.88607
1434 5.89391
1435 5.88565
1436 5.8848
1437 5.88544
1438 5.88473
1439 5.88472
1440 5.88472
1441 5.88472
1442 5.88472
1443 5.88472
1444 5.88472
1445 5.88472
1446 5.88472
1447 5.88472
1448 1336.72
1449 148.195
1450 5.88472
1451 86.304
1452 120.224
1453 17.2922
1454 17.0119
1455 5.95255
1456 5.82031
1457 7.19079
1458 5.81756
1459 5.81754
1460 5.81754
1461 5.81754
1462 5.81754
1463 5.81754
1464 5.81754
1465 5.81754
1466 5.81754
1467 5.81754
1468 5.81754
1469 5.81754
1470 5.81754
1471 5.81754
1472 5.81754
1473 5.81819
1474 5.81851
1475 5.81754
1476 5.81762
1477 5.81767
1478 5.81753
1479 5.81753
1480 5.81753
1481 5.81753
1482 5.81753
1483 5.81753
1484 5.81753
1485 5.81753
1486 5.81753
1487 5.81753
1488 5.81753
1489 5.81753
1490 5.81753
1491 5.81753
1492 5.81753
1493 5.81753
1494 5.81753
1495 5.81753
1496 5.81753
1497 5.81753
1498 5.81753
1499 5.81753
1500 5.81753
1501 5.81753
1502 5.81753
1503 5.81753
1504 35.0238
1505 55.3165
1506 5.81753
1507 13.1274
1508 10.4759
1509 5.75888
1510 5.75522
1511 5.75521
1512 5.75521
1513 5.75521
1514 5.75521
1515 5.75521
1516 5.75521
1517 5.75521
1518 5.75521
1519 5.75521
1520 5.75521
1521 5.75521
1522 5.75521
1523 5.75521
1524 5.75521
1525 7.64697
1526 18.9386
1527 5.75521
1528 9.55594
1529 5.75521
1530 5.75521
1531 5.75521
1532 5.75521
1533 5.75521
1534 5.75521
1535 5.75521
1536 5.75521
1537 5.75521
1538 5.75521
1539 5.75521
1540 5.75521
1541 5.75521
1542 5.75521
1543 5.75521
1544 5.75521
1545 5.75521
1546 5.75521
1547 5.75521
1548 5.75521
1549 5.75521
1550 5.75521
1551 5.75521
1552 5.75521
1553 5.75521
1554 5.75521
1555 5.75521
1556 5.75521
1557 5.75521
1558 5.75521
1559 5.75521
1560 5.75521
1561 5.75521
1562 5.75521
1563 5.75521
1564 5.75521
1565 5.75521
1566 5.75521
1567 5.75521
1568 5.75521
1569 5.75521
1570 5.75521
1571 5.75521
1572 5.75521
1573 5.75521
1574 5.75521
1575 5.75521
1576 5.75521
1577 5.75521
1578 5.75521
1579 5.75521
1580 5.75521
1581 5.75521
1582 5.75521
1583 5.75521
1584 5.75521
1585 5.75521
1586 5.75521
1587 5.75521
1588 5.75521
1589 5.75521
1590 5.75521
1591 5.75521
1592 5.75521
1593 5.75521
1594 5.75521
1595 5.75521
1596 5.75521
1597 5.75521
1598 5.75521
1599 5.75521
1600 5.75521
1601 5.75521
1602 5.75521
1603 5.75521
1604 5.75521
1605 5.75521
1606 5.75521
1607 5.75521
1608 5.75521
1609 5.75521
1610 5.75521
1611 5.75521
1612 5.75521
1613 5.75521
1614 5.75521
1615 5.75521
1616 5.75521
1617 8.68596
1618 15.1402
1619 5.75521
1620 7.93181
1621 5.75521
1622 5.75521
1623 5.75521
1624 5.75521
1625 5.75521
1626 5.75521
1627 5.75521
1628 5.75521
1629 5.75521
1630 5.75521
1631 5.75521
1632 5.75521
1633 5.75521
1634 5.75521
1635 5.75521
1636 5.75521
1637 5.75521
1638 5.75521
1639 5.75521
1640 5.75521
1641 5.75521
1642 5.75521
1643 5.75521
1644 5.75521
1645 5.75521
1646 5.75521
1647 5.75521
1648 5.75521
1649 5.75521
1650 5.75521
1651 5.75521
1652 5.75521
1653 5.75521
1654 5.75521
1655 5.75521
1656 5.75521
1657 5.75521
1658 5.75521
1659 5.75521
1660 5.75521
1661 5.75521
1662 5.75521
1663 5.75521
1664 5.75521
1665 5.75521
1666 5.75521
1667 5.75521
1668 5.75521
1669 5.75521
1670 5.75521
1671 5.75521
1672 5.75521
1673 5.75521
1674 5.75521
1675 5.75521
1676 5.75521
1677 5.75521
1678 5.75521
1679 5.75521
1680 5.75521
1681 5.75521
1682 5.75521
1683 5.75521
1684 5.75521
1685 5.75521
1686 5.75521
1687 5.75521
1688 5.75521
1689 5.75521
1690 5.75521
1691 5.75521
1692 5.75521
1693 5.75521
1694 5.75521
1695 5.75521
1696 5.75521
1697 5.75521
1698 5.75521
1699 5.75521
1700 5.75521
1701 5.75521
1702 5.75521
1703 5.75521
1704 5.75521
1705 5.75521
1706 5.75521
1707 5.75521
1708 5.75521
1711 5.75521
1712 95.7552
1714 26.6036
1715 5.71015
1716 5.70192
1717 5.70192
1718 5.70192
1719 5.70192
1720 5.70192
1721 5.70312
1722 5.70209
1723 5.70194
1724 5.70192
1725 5.70192
1726 5.70192
1727 5.70192
1728 5.70192
1729 5.70192
1730 5.70192
1731 5.70192
1732 5.70192
1733 5.70192
1734 5.70192
1735 5.70192
1736 5.70192
1737 5.70192
1738 5.70192
1739 5.70192
1740 9.06482
1741 6.50209
1742 5.70192
1743 7.29823
1744 6.36409
1745 5.70239
1746 5.70192
1747 5.70192
1748 5.70192
1749 5.70192
1750 5.70192
1751 5.70192
1752 5.70192
1753 5.70192
1754 5.70192
1755 5.70192
1756 5.70192
1757 5.70192
1758 5.70192
1759 5.70192
1760 5.70192
1761 5.70192
1762 5.70192
1763 5.70192
1764 5.70192
1765 5.70192
1766 5.70192
1767 5.70192
1768 5.70174
1769 5.70146
1770 5.67823
1771 5.66009
1772 5.70757
1773 5.66009
1774 5.66702
1775 5.66274
1776 5.66009
1777 5.66009
1778 5.66009
1779 5.66009
1780 5.66009
1781 5.66009
1782 5.66009
1783 5.66009
1784 5.66009
1785 5.66009
1786 6.85744
1788 5.66009
1789 3838.74
1790 5.76273
1791 5.63748
1792 5.62554
1793 5.62541
1794 5.62537
1795 5.62537
1796 5.62537
1797 5.62537
1798 5.62537
1799 5.62537
1800 5.62537
1801 5.62537
1802 5.62537
1803 5.62537
1806 5.62537
1809 6.02347
1810 6.02342
1813 6.02326
1815 6.02282
1817 6.02169
1819 6.01876
1821 6.01125
1823 5.99275
1825 5.95106
1827 5.87395
1829 5.77441
1830 230.962
1831 5.69488
1832 5.5885
1833 6.14479
1834 5.58844
1835 5.58402
1836 5.58402
1837 5.58398
1838 5.58462
1839 5.58397
1840 5.58397
1841 5.58397
1842 5.58397
1843 5.58397
1844 5.58397
1845 5.58397
1846 5.58397
1847 5.58397
1848 5.58397
1849 5.58397
1850 5.58397
1851 5.58397
1852 5.58397
1853 5.58397
1854 1350.32
1855 145.055
1856 5.58397
1857 86.5167
1858 120.938
1859 17.1446
1860 16.7879
1861 5.65133
1862 5.51702
1863 6.89647
1864 5.5142
1865 5.51418
1866 5.51418
1867 5.51418
1868 5.51418
1869 5.51418
1870 5.51418
1871 5.51418
1872 5.51418
1873 5.51418
1874 5.51418
1875 5.51418
1876 5.51553
1877 5.51402
1878 5.51379
1879 5.51379
1880 5.51384
1881 5.51382
1882 5.51379
1883 5.51379
1884 5.51379
1885 5.51379
1886 5.51379
1887 5.51379
1888 5.51379
1889 5.51379
1890 5.51379
1891 5.51379
1892 5.51379
1893 5.51379
1894 5.51379
1895 5.51379
1896 5.51379
1897 5.51379
1898 5.51379
1899 35.1941
1900 55.9398
1901 5.51379
1902 13.0129
1903 10.2237
1904 5.45894
1905 5.45513
1906 5.45512
1907 5.45512
1908 5.45512
1909 5.45512
1910 5.45512
1911 5.45512
1912 5.45512
1913 5.45512
1914 5.45512
1915 5.45512
1916 5.45512
1917 7.38851
1918 18.9226
1919 5.45512
1920 9.3384
1921 5.45512
1922 5.45512
1923 5.45512
1924 5.45512
1925 5.45512
1926 5.45512
1927 5.45512
1928 5.45512
1929 5.45512
1930 5.45512
1931 5.45512
1932 5.45512
1933 5.45512
1934 5.45512
1935 5.45512
1936 5.45512
1937 5.45512
1938 5.45512
1939 5.45512
1940 5.45512
1941 5.45512
1942 5.45512
1943 5.45512
1944 5.45512
1945 5.45512
1946 5.45512
1947 5.45512
1948 5.45512
1949 5.45512
1950 5.45512
1951 5.45512
1952 5.45512
1953 5.45512
1954 5.45512
1955 5.45512
1956 5.45512
1957 5.45512
1958 5.45512
1959 5.45512
1960 5.45512
1961 5.45512
1962 5.45512
1963 5.45512
1964 5.45512
1965 5.45512
1966 5.45512
1967 5.45512
1968 5.45512
1969 5.45512
1970 5.45512
1971 5.45512
1972 5.45512
1973 5.45512
1974 5.45512
1975 5.45512
1976 5.45512
1977 5.45512
1978 5.45512
1979 5.45512
1980 5.45512
1981 5.45512
1982 5.45512
1983 5.45512
1984 5.45512
1985 5.45512
1986 5.45512
1987 5.45512
1988 5.45512
1989 5.45512
1990 5.45512
1991 5.45512
1992 5.45512
1993 5.45512
1994 5.45512
1995 5.45512
1996 5.45512
1997 5.45512
1998 5.45512
1999 5.45512
2000 5.45512
2001 5.45512
2002 5.45512
2003 5.45512
2004 5.45512
2005 5.45512
2006 5.45512
2007 5.45512
2008 5.45512
2009 8.44337
2010 15.0255
2011 5.45512
2012 7.67616
2013 5.45512
2014 5.45512
2015 5.45512
2016 5.45512
2017 5.45512
2018 5.45512
2019 5.45512
2020 5.45512
2021 5.45512
2022 5.45512
2023 5.45512
2024 5.45512
2025 5.45512
2026 5.45512
2027 5.45512
2028 5.45512
2029 5.45512
2030 5.45512
2031 5.45512
2032 5.45512
2033 5.45512
2034 5.45512
2035 5.45512
2036 5.45512
2037 5.45512
2038 5.45512
2039 5.45512
2040 5.45512
2041 5.45512
2042 5.45512
2043 5.45512
2044 5.45512
2045 5.45512
2046 5.45512
2047 5.45512
2048 5.45512
2049 5.45512
2050 5.45512
2051 5.45512
2052 5.45512
2053 5.45512
2054 5.45512
2055 5.45512
2056 5.45512
2057 5.45512
2058 5.45512
2059 5.45512
2060 5.45512
2061 5.45512
2062 5.45512
2063 5.45512
2064 5.45512
2065 5.45512
2066 5.45512
2067 5.45512
2068 5.45512
2069 5.45512
2070 5.45512
2071 5.45512
2072 5.45512
2073 5.45512
2074 5.45512
2075 5.45512
2076 5.45512
2077 5.45512
2078 5.45512
2079 5.45512
2080 5.45512
2081 5.45512
2082 5.45512
2083 5.45512
2084 5.45512
2085 5.45512
2086 5.45512
2087 5.45512
2088 5.45512
2089 5.45512
2090 5.45512
2091 5.45512
2092 5.45512
2093 5.45512
2094 5.45512
2095 5.45512
2096 5.45512
2097 5.45512
2098 5.45512
2099 5.45512
2100 5.45512
2103 5.45512
2104 98.4479
2106 27.4342
2107 5.43669
2108 5.42939
2109 5.42939
2110 5.42939
2111 5.42939
2112 5.42939
2113 5.42939
2114 5.42939
2115 5.42939
2116 5.42939
2117 5.42939
2118 5.42939
2119 5.42939
2120 9.11871
2121 6.30881
2122 5.42939
2123 7.18063
2124 6.15597
2125 5.42992
2126 5.42939
2127 5.42939
2128 5.42939
2129 5.42939
2130 5.42939
2131 5.42939
2132 5.42939
2133 5.42939
2134 5.42939
2135 5.42939
2136 5.42939
2137 5.42939
2138 5.42939
2139 5.42939
2140 5.42939
2141 5.42939
2142 5.42939
2143 5.42939
2144 5.42939
2145 5.42939
2146 5.42939
2147 5.42939
2148 5.42939
2149 5.42939
2150 5.42939
2151 5.42939
2152 5.42939
2153 5.42939
2154 5.42939
2155 5.42939
2156 5.42928
2157 5.4291
2158 5.41642
2159 5.41288
2160 5.42213
2161 5.41288
2162 5.41423
2163 5.4134
2164 5.41288
2165 5.41288
2166 5.41288
2167 5.41288
2168 5.41288
2169 5.41288
2170 5.41288
2171 5.41288
2172 5.41288
2173 5.41288
2174 6.65896
2176 5.41288
2177 197.641
2178 5.49588
2179 5.37154
2180 5.36417
2181 5.36399
2182 5.36397
2183 5.36397
2184 5.36397
2185 5.36397
2186 5.36397
2187 5.36397
2188 5.36397
2189 5.36397
2190 5.36397
2191 5.36397
2192 5.36397
2193 5.36397
2196 5.36397
2199 5.99752
2200 5.99747
2203 5.99728
2205 5.9968
2207 5.99555
2209 5.99229
2211 5.9839
2213 5.96284
2215 5.91328
2217 5.81278
2219 5.66113
2221 5.51509
2222 5.47099
2223 5.35473
2224 5.31863
2225 5.29931
2226 5.30918
2227 5.29963
2228 5.29931
2229 5.2993
2230 5.2993
2231 5.2993
2232 5.2993
2233 5.2993
2234 5.2993
2235 5.2993

