-50 68.1736
-49 72.9613
-48 78.133
-47 83.7238
-46 89.7729
-45 96.3234
-44 103.423
-43 111.126
-42 119.49
-41 128.581
-40 138.474
-39 149.249
-38 160.999
-37 173.828
-36 187.85
-35 203.197
-34 220.016
-33 238.473
-32 258.757
-31 281.083
-30 305.696
-29 332.876
-28 362.943
-27 396.267
-26 433.275
-25 474.459
-24 520.393
-23 571.75
-22 629.315
-21 694.016
-20 766.953
-19 849.437
-18 943.04
-17 1049.66
-16 1171.62
-15 1311.76
-14 1473.59
-13 1661.54
-12 1881.21
-11 2139.8
-10 2446.76
-9 2814.65
-8 3260.66
-7 3808.9
-6 4494.48
-5 5370.87
-4 6524.79
-3 8110.05
-2 10440.9
-1 14358.6
0 424992
1 14358.6
2 10440.9
3 8110.05
4 6524.79
5 5370.87
6 4494.48
7 3808.9
8 3260.66
9 2814.65
10 2446.76
11 2139.8
12 1881.21
13 1661.54
14 1473.59
15 1311.76
16 1171.62
17 1049.66
18 943.04
19 849.437
20 766.953
21 694.016
22 629.315
23 571.75
24 520.393
25 474.459
26 433.275
27 396.267
28 362.943
29 332.876
30 305.696
31 281.083
32 258.757
33 238.473
34 220.016
35 203.197
36 187.85
37 173.828
38 160.999
39 149.249
40 138.474
41 128.581
42 119.49
43 111.126
44 103.423
45 96.3234
46 89.7729
47 83.7238
48 78.133
49 72.9613
50 68.1736

