-50 84.428
-49 91.3953
-48 98.998
-47 107.3
-46 116.374
-45 126.299
-44 137.165
-43 149.071
-42 162.128
-41 176.462
-40 192.214
-39 209.54
-38 228.619
-37 249.651
-36 272.863
-35 298.511
-34 326.888
-33 358.322
-32 393.193
-31 431.931
-30 475.03
-29 523.056
-28 576.662
-27 636.6
-26 703.742
-25 779.104
-24 863.865
-23 959.411
-22 1067.37
-21 1189.66
-20 1328.55
-19 1486.78
-18 1667.58
-17 1874.9
-16 2113.52
-15 2389.27
-14 2709.38
-13 3082.83
-12 3520.94
-11 4038.12
-10 4652.96
-9 5389.77
-8 6280.97
-7 7371.44
-6 8731.6
-5 10502.3
-4 12992.2
-3 16677
-2 21637.2
-1 26496.4
0 28602.4
1 26496.4
2 21637.2
3 16677
4 12992.2
5 10502.3
6 8731.6
7 7371.44
8 6280.97
9 5389.77
10 4652.96
11 4038.12
12 3520.94
13 3082.83
14 2709.38
15 2389.27
16 2113.52
17 1874.9
18 1667.58
19 1486.78
20 1328.55
21 1189.66
22 1067.37
23 959.411
24 863.865
25 779.104
26 703.742
27 636.6
28 576.662
29 523.056
30 475.03
31 431.931
32 393.193
33 358.322
34 326.888
35 298.511
36 272.863
37 249.651
38 228.619
39 209.54
40 192.214
41 176.462
42 162.128
43 149.071
44 137.165
45 126.299
46 116.374
47 107.3
48 98.998
49 91.3953
50 84.428

