1 2921.73
2 5378.66
3 2944.15
4 3406.38
5 2922.79
6 2924.14
8 2921.73
9 2933.55
10 2915.61
11 2921.73
12 2679.83
13 1947.49
14 1047.38
15 158.618
16 1618.46
17 1713.76
18 1513.38
19 1287.53
20 1035.98
21 773.635
22 517.931
23 300.582
24 141.833
25 125.625
26 50.2858
28 63.3344
29 49.2199
30 130.06
31 54.6377
32 76.5913
33 97.5578
34 114.63
35 125.699
36 129.082
37 209.25
38 31.195
39 225.932
40 94.7343
41 168.661
42 89.626
43 37.173
44 87.3429
45 82.7362
46 268.517
47 53.634
48 233.158
49 49.735
50 70.5381
51 102.795
52 32.3656
53 42.3929
54 115.643
55 42.7835
56 46.6419
57 22.8393
59 47.772
60 59.8991
61 27.2617
62 51.565
63 32.0515
65 32.2313
66 51.7903
67 27.3821
68 87.5467
69 30.463
70 45.2109
71 29.3023
72 43.3333
73 27.1561
74 75.9662
75 26.4037
76 27.2961
77 21.9013
79 25.5536
80 26.432
81 29.0324
83 23.4926
84 29.181
85 23.365
86 24.6845
87 26.0444
88 27.3687
89 22.6744
90 26.4588
91 22.9502
92 26.6779
93 22.9645
94 27.5474
95 22.751
96 28.1053
97 22.1619
98 25.2609
99 22.5972
100 24.7429
101 22.4487
102 23.1473
103 25.2825
104 21.6943
105 23.6281
106 21.9628
107 21.2965
108 22.6266
109 22.3015
110 20.7504
111 21.3194
112 21.3354
113 22.4173
114 22.4877
115 21.3083
116 22.5908
117 21.3649
118 23.9965
119 21.2353
120 21.864
121 21.9874
122 21.2112
123 20.4664
124 20.7871
125 21.4822
126 22.4775
127 20.9906
128 20.117
129 19.9669
130 21.7771
131 20.7245
132 19.9589
133 19.8129
134 21.54
135 20.5619
136 20.4637
137 20.3633
138 19.3999
139 19.06
140 19.2209
141 19.4363
142 18.9649
143 19.0133
144 18.7289
145 18.7377
146 19.2084
147 17.7969
148 16.7151
149 17.6326
150 19.1074
151 19.4077
152 18.3488
153 16.9289
154 19.4445
155 18.3078
156 16.8614
157 17.7471
158 17.7167
159 15.9284
160 14.7268
161 16.4412
162 15.3606
163 15.8035
164 15.1456
165 16.6707
166 14.7655
167 14.6663
168 15.1424
169 14.4383
170 14.4595
171 13.922
173 13.2525
174 12.2142
175 13.8144
176 12.9051
177 13.5905
178 13.2699
179 12.2083
180 11.7326
181 13.0229
182 12.2608
183 11.2984
186 13.1884
187 11.3901
189 12.4859
191 12.6531
192 11.8662
193 11.1336
195 12.7239
196 13.1408
197 11.9412
198 13.0126
199 11.8599
200 11.4024
