-50 127.496
-49 136.45
-48 146.121
-47 156.577
-46 167.89
-45 180.141
-44 193.418
-43 207.823
-42 223.465
-41 240.468
-40 258.968
-39 279.12
-38 301.096
-37 325.087
-36 351.312
-35 380.013
-34 411.467
-33 445.985
-32 483.919
-31 525.673
-30 571.704
-29 622.535
-28 678.766
-27 741.089
-26 810.299
-25 887.321
-24 973.227
-23 1069.27
-22 1176.93
-21 1297.93
-20 1434.34
-19 1588.6
-18 1763.66
-17 1963.07
-16 2191.15
-15 2453.24
-14 2755.9
-13 3107.4
-12 3518.23
-11 4001.85
-10 4575.92
-9 5263.97
-8 6098.1
-7 7123.44
-6 8405.61
-5 10044.6
-4 12202.7
-3 15167.5
-2 19527
-1 26883.8
0 52172.5
1 26883.8
2 19527
3 15167.5
4 12202.7
5 10044.6
6 8405.61
7 7123.44
8 6098.1
9 5263.97
10 4575.92
11 4001.85
12 3518.23
13 3107.4
14 2755.9
15 2453.24
16 2191.15
17 1963.07
18 1763.66
19 1588.6
20 1434.34
21 1297.93
22 1176.93
23 1069.27
24 973.227
25 887.321
26 810.299
27 741.089
28 678.766
29 622.535
30 571.704
31 525.673
32 483.919
33 445.985
34 411.467
35 380.013
36 351.312
37 325.087
38 301.096
39 279.12
40 258.968
41 240.468
42 223.465
43 207.823
44 193.418
45 180.141
46 167.89
47 156.577
48 146.121
49 136.45
50 127.496

